 WH6...b3lyp/vdz
 RNBOs in the AO basis:
 -------------------------------------------------------------------------------
     0.363800598   -0.021029932    0.657571819   -0.004215749    0.000000000
     0.000002156    0.000186153    0.000000000    0.000000076    0.008594167
     0.000000000    0.000000576    0.000874788    0.000000000    0.000000004
     0.004392334   -0.000755626    0.000000000    0.000000020    0.000000000
     0.000000000   -0.004962982    0.000000000   -0.000000022    0.000000000
     0.000000000    0.004486283    0.000000000   -0.000000011    0.000000000
     0.000000000   -0.003167798    0.000000000    0.000000007    0.000000000
     0.000000000    0.000000000    0.000000000   -0.001056558   -0.005971900
     0.000000000    0.000000001   -0.001386085    0.001422817    0.005315717
     0.000000000   -0.002261650    0.001008952    0.001422790    0.005315738
    -0.002150950   -0.000698883    0.001008947    0.001422746    0.005315772
    -0.001329350    0.001829697    0.001008939    0.001422790    0.005315738
     0.002150950   -0.000698883    0.001008947    0.001422746    0.005315772
     0.001329350    0.001829697    0.001008939
     0.000000000    0.000000000    0.000000000    0.000000000    0.878800186
     0.000000000    0.000000000    0.030950713    0.000000000    0.000000000
     0.234837238    0.000000000    0.000000000    0.001526195    0.000000000
     0.000000000    0.000000000    0.007954345    0.000000000    0.000000000
    -0.000000241    0.000000000   -0.008994461    0.000000000    0.000000000
     0.000000443    0.000000000   -0.004686725    0.000000000    0.000000000
    -0.000000081    0.000000000    0.002923326    0.000000000    0.000000000
     0.000000016   -0.000000014    0.000000000    0.000000000    0.000000000
     0.000496511    0.000000000    0.000000000    0.000000000    0.000000000
     0.001229940    0.000000000    0.000000000    0.015101410   -0.011806105
    -0.004207793   -0.001766843    0.002666018    0.009333511   -0.007296386
    -0.000847087    0.002858808    0.001647704   -0.015101410    0.011806105
    -0.004207793    0.001766843   -0.002666018   -0.009333511    0.007296386
    -0.000847087   -0.002858808   -0.001647704
    -0.000000096   -0.000004247    0.000000372   -0.000001108    0.000000000
     0.878800586    0.000012028    0.000000000    0.030950373    0.000001529
     0.000000000    0.234837339    0.000003225    0.000000000    0.001526019
     0.000000630    0.000000836    0.000000000    0.007954742    0.000003420
     0.000000000   -0.000001618    0.000000000   -0.008995209   -0.000006272
     0.000000000    0.000000682    0.000000000   -0.004686543    0.000001155
     0.000000000   -0.000000061    0.000000000    0.002923335   -0.000000225
     0.000000000    0.000000000    0.000000198    0.000000405   -0.000000348
     0.000000000    0.000496524   -0.000000070    0.015872151   -0.012416220
     0.000000000   -0.004781542    0.002803009    0.004907029   -0.003834829
    -0.001766738    0.000655762    0.000866304   -0.012849155    0.010041947
     0.002859044   -0.002704891   -0.002267957    0.004907029   -0.003834829
     0.001766738    0.000655762    0.000866304   -0.012849155    0.010041947
    -0.002859044   -0.002704891   -0.002267957
     0.002826737    0.008149155   -0.002728215   -0.004172055    0.000000000
    -0.000013232    0.880573067    0.000000000   -0.000000466    0.029591490
     0.000000000   -0.000003536    0.234464603    0.000000000   -0.000000023
     0.000543740   -0.002308479    0.000000000   -0.000000120    0.000000000
     0.000000000    0.006555133    0.000000000    0.000000135    0.000000000
     0.000000000    0.003721432    0.000000000    0.000000071    0.000000000
     0.000000000    0.004559761    0.000000000   -0.000000044    0.000000000
     0.000000000    0.000000000    0.000000000    0.012441799   -0.014684545
     0.000000000   -0.000000007   -0.004309877   -0.007280168    0.004177712
     0.000000000    0.003004701   -0.000303091   -0.007280002    0.004177583
     0.002857598    0.000928471   -0.000303062   -0.007279735    0.004177374
     0.001766033   -0.002430755   -0.000303014   -0.007280002    0.004177583
    -0.002857598    0.000928471   -0.000303062   -0.007279735    0.004177374
    -0.001766033   -0.002430755   -0.000303014
    -0.032554414    0.209828750   -0.092306828    0.016519943    0.000000000
     0.000000007   -0.134218027    0.000000000    0.000000001    0.119358853
     0.000000000    0.000000002   -0.028566538    0.000000000    0.000000000
     0.041448209    0.170485271    0.000000000   -0.000000001   -0.000000016
     0.000000000   -0.308591854    0.000000000    0.000000001    0.000000029
     0.000000000    0.060109877    0.000000000    0.000000000   -0.000000005
     0.000000000    0.019655557    0.000000000    0.000000000    0.000000001
     0.000000000    0.000000000   -0.000000001    0.445170933    0.208472750
     0.000000000    0.000000000   -0.026063544   -0.005037284   -0.001984355
     0.000000000   -0.000577219   -0.002644938   -0.005037314   -0.001984372
    -0.000548967   -0.000178369   -0.002644939   -0.005037297   -0.001984362
    -0.000339281    0.000466979   -0.002644939   -0.005037314   -0.001984372
     0.000548967   -0.000178369   -0.002644939   -0.005037297   -0.001984362
     0.000339281    0.000466979   -0.002644939
    -0.028443274    0.166733620   -0.076411661    0.039804562    0.000000001
    -0.115805557    0.046445360   -0.000000001    0.098249633   -0.041699047
     0.000000000   -0.029410221    0.011431138    0.000000000    0.050987423
    -0.023895796   -0.032844941    0.000000001   -0.114984571   -0.159955262
     0.000000000    0.065325132   -0.000000002    0.216369837    0.293374829
     0.000000000   -0.024031462    0.000000001   -0.052705209   -0.054007888
     0.000000000    0.005186997    0.000000000   -0.002613321    0.010507452
     0.000000000    0.000000000   -0.009249056   -0.008261645    0.005287898
     0.000000000   -0.003760019    0.000318081    0.432129424    0.172489975
     0.000000000   -0.020105239    0.010545513    0.009518508   -0.041141217
    -0.005161049    0.010607040   -0.003220039   -0.008007438   -0.002961118
    -0.003256798   -0.003627176    0.002888894    0.009518511   -0.041141216
     0.005161049    0.010607040   -0.003220039   -0.008007435   -0.002961117
     0.003256798   -0.003627176    0.002888894
    -0.028443194    0.166733151   -0.076411446    0.039804448   -0.110149722
    -0.035790832    0.046445215    0.093440235    0.030360423   -0.041698917
    -0.027974018   -0.009089583    0.011431102    0.048491754    0.015755867
    -0.023895724   -0.032844834   -0.109356610   -0.035531999    0.129407113
     0.094019841    0.065324920    0.205779452    0.066861568   -0.237346300
    -0.172442311   -0.024031388   -0.050125416   -0.016286670    0.043693498
     0.031745208    0.005186983   -0.002485450   -0.000807572   -0.008500746
    -0.006176158    0.005436487    0.007482677   -0.008261589    0.005287898
    -0.003575987   -0.001161905    0.000318078    0.009517190   -0.041141664
     0.011682739   -0.001630610   -0.003220091    0.432129115    0.172490367
    -0.019121137   -0.006212840    0.010545493    0.009517521   -0.041141612
     0.008493061    0.008186148   -0.003220084   -0.008006940   -0.002961075
    -0.002443200   -0.004218350    0.002888932   -0.008006581   -0.002960954
    -0.004456048    0.001976649    0.002888942
    -0.028443255    0.166733511   -0.076411611    0.039804535   -0.068077207
     0.093705218    0.046445323    0.057749418   -0.079484795   -0.041699014
    -0.017289140    0.023797796    0.011431129    0.029969655   -0.041249541
    -0.023895778   -0.032844913   -0.067586344    0.093024350   -0.049429142
    -0.152126769    0.065325077    0.127179146   -0.175046531    0.090658262
     0.279016547   -0.024031443   -0.030979315    0.042639195   -0.016689439
    -0.051364647    0.005186994   -0.001536100    0.002114271    0.003246998
     0.009993199   -0.008796391   -0.002858130   -0.008261625    0.005287901
    -0.002210089    0.003041920    0.000318080   -0.008006508   -0.002961076
    -0.004766831    0.001020029    0.002888961    0.009518209   -0.041141342
     0.002059297   -0.011614823   -0.003220064    0.432129058    0.172490318
    -0.011817495    0.016265398    0.010545465   -0.008007215   -0.002961310
     0.000502889    0.004848775    0.002888933    0.009517723   -0.041141342
     0.010409983   -0.005547742   -0.003220080
    -0.028443194    0.166733151   -0.076411446    0.039804448    0.110149720
    -0.035790832    0.046445215   -0.093440234    0.030360423   -0.041698917
     0.027974017   -0.009089583    0.011431102   -0.048491753    0.015755867
    -0.023895724   -0.032844834    0.109356608   -0.035531999    0.129407115
    -0.094019841    0.065324920   -0.205779450    0.066861568   -0.237346304
     0.172442310   -0.024031387    0.050125416   -0.016286670    0.043693499
    -0.031745208    0.005186983    0.002485450   -0.000807572   -0.008500746
     0.006176158   -0.005436487    0.007482677   -0.008261588    0.005287898
     0.003575987   -0.001161905    0.000318078    0.009517187   -0.041141666
    -0.011682739   -0.001630610   -0.003220091   -0.008006936   -0.002961074
     0.002443200   -0.004218350    0.002888932   -0.008006581   -0.002960954
     0.004456048    0.001976649    0.002888942    0.432129115    0.172490368
     0.019121137   -0.006212840    0.010545493    0.009517519   -0.041141612
    -0.008493062    0.008186148   -0.003220084
    -0.028443255    0.166733513   -0.076411612    0.039804535    0.068077206
     0.093705220    0.046445324   -0.057749418   -0.079484796   -0.041699015
     0.017289140    0.023797796    0.011431129   -0.029969655   -0.041249541
    -0.023895779   -0.032844914    0.067586343    0.093024352   -0.049429141
     0.152126766    0.065325078   -0.127179146   -0.175046533    0.090658260
    -0.279016543   -0.024031443    0.030979315    0.042639195   -0.016689439
     0.051364646    0.005186994    0.001536100    0.002114271    0.003246997
    -0.009993199    0.008796390   -0.002858130   -0.008261625    0.005287901
     0.002210089    0.003041920    0.000318080   -0.008006510   -0.002961077
     0.004766831    0.001020029    0.002888961   -0.008007215   -0.002961310
    -0.000502889    0.004848775    0.002888933    0.009517728   -0.041141340
    -0.010409983   -0.005547742   -0.003220080    0.009518210   -0.041141341
    -0.002059297   -0.011614823   -0.003220064    0.432129058    0.172490318
     0.011817496    0.016265398    0.010545465
     0.105231678   -0.895253624   -0.074736079   -0.047652172    0.000019015
    -0.000014132   -0.086932142    0.000027040   -0.000020067   -0.157050200
     0.000005645   -0.000004182   -0.034570364    0.000011199   -0.000008388
    -0.045065780   -0.407536971   -0.000051077    0.000037923    0.000090278
     0.000029530    0.540057284    0.000069293   -0.000051449   -0.000119226
    -0.000038997   -0.143913445   -0.000021638    0.000016107    0.000027575
     0.000009021   -0.044161597   -0.000000923    0.000000671   -0.000005758
    -0.000001883    0.000001513    0.000004626    0.665262110    0.630240818
    -0.000000475    0.000000354   -0.045625841    0.086382011    0.032108611
     0.000000276   -0.003164935    0.004191100    0.086106467    0.031861063
    -0.002998060   -0.000974416    0.004185284    0.086273303    0.031983781
    -0.001855957    0.002555636    0.004187399    0.086214716    0.031984885
     0.003004046   -0.000976775    0.004188950    0.086243291    0.031983546
     0.001855956    0.002555834    0.004188155
     0.083281151   -0.847528265   -0.073597059   -0.076823756    0.000288289
    -0.107532551    0.060875879    0.000409982   -0.152909046    0.072729281
     0.000085587   -0.031924979    0.018571849    0.000169789   -0.063331919
     0.033900273    0.104045040   -0.000774393    0.288850561    0.257031117
    -0.000480386   -0.138958876    0.001050550   -0.391865519   -0.339442884
     0.000634474    0.058987917   -0.000328058    0.122362862    0.078511853
    -0.000146709   -0.021457630   -0.000013998    0.005222333   -0.016391540
     0.000030649   -0.000024623    0.013170069    0.096614093    0.016439124
    -0.000007209    0.002688854   -0.004072788    0.677259574    0.683174214
    -0.000003742   -0.038323294    0.018189120   -0.036794765    0.039203826
    -0.005078112   -0.003146524    0.002970855    0.105500045    0.025415185
    -0.000833819    0.004569177   -0.001382759   -0.036515924    0.040002452
     0.005121902   -0.003153531    0.003005202    0.107249282    0.027157000
     0.000888714    0.004639414   -0.001336959
     0.076982634   -0.783455533   -0.068018698   -0.070986421   -0.100039840
    -0.032740255    0.056220262   -0.142256680   -0.046546093    0.067138197
    -0.029699783   -0.009720473    0.017148615   -0.058921811   -0.019283636
     0.031309630    0.095998117    0.268720114    0.087943571   -0.221174592
    -0.160305274   -0.128208283   -0.364556400   -0.119313042    0.292104401
     0.211694680    0.054457721    0.113837808    0.037254221   -0.067552152
    -0.048970219   -0.019843036    0.004858406    0.001590232    0.014110131
     0.010223825   -0.008213432   -0.011335586    0.089515388    0.015411471
     0.002501829    0.000819095   -0.003779825   -0.066451101    0.012959234
    -0.001496259   -0.004199819    0.002373414    0.680940957    0.681125468
    -0.036078425   -0.011720528    0.017989373   -0.066722484    0.012231745
    -0.003670558    0.002498560    0.002349590    0.104174939    0.023947171
     0.004340870    0.000840459   -0.001415503    0.102916426    0.022769217
     0.003970004    0.001817617   -0.001450094
     0.079862331   -0.812740247   -0.070569832   -0.073657332   -0.066035226
     0.083660651    0.058350275   -0.093914680    0.118963908    0.069696757
    -0.019604481    0.024837100    0.017799900   -0.038890924    0.049275337
     0.032494867    0.099683157    0.177382801   -0.224721662    0.076542710
     0.254032092   -0.133131859   -0.240636992    0.304868452   -0.101097898
    -0.335501698    0.056531035    0.075145403   -0.095198896    0.023374529
     0.077586805   -0.020580304    0.003206140   -0.004063437   -0.004882596
    -0.016204819    0.013019044    0.003923316    0.092751654    0.015873046
     0.001651090   -0.002092436   -0.003913076    0.102083465    0.024917095
     0.002087615   -0.004050800   -0.001313987   -0.040851829    0.038889006
    -0.005846072   -0.000324201    0.003053330    0.678956595    0.682008616
    -0.022445643    0.030801787    0.018086997    0.106647584    0.023304772
     0.003098399   -0.003179144   -0.001516334   -0.063713747    0.012231550
     0.001355608    0.004286113    0.002265663
     0.080347487   -0.817728068   -0.070996583   -0.074099492    0.102384181
    -0.028756688    0.058708888    0.145595066   -0.040872506    0.070125478
     0.030395979   -0.008537899    0.017909334    0.060300563   -0.016939174
     0.032694418    0.100296914   -0.275019952    0.077239988   -0.217658985
     0.151331751   -0.133950944    0.373099628   -0.104798357    0.287461122
    -0.199843118    0.056878790   -0.116506138    0.032719184   -0.066478583
     0.046229803   -0.020708022   -0.004971929    0.001397717    0.013885137
    -0.009649591    0.007753052   -0.011155193    0.093319955    0.015966576
    -0.002560216    0.000719831   -0.003937237   -0.062589418    0.013190424
     0.001422454   -0.004327378    0.002286224    0.107616746    0.024403447
    -0.004452252    0.000724469   -0.001480838    0.103545188    0.026590400
    -0.004128448    0.002133651   -0.001269468    0.679218205    0.682183927
     0.036288734   -0.011736273    0.018088324   -0.039832522    0.039748746
     0.004583847    0.003764903    0.003080641
     0.080151425   -0.815682561   -0.070825343   -0.073924083    0.058923106
     0.088665763    0.058561841    0.083785085    0.126093103    0.069949635
     0.017493034    0.026323134    0.017864456    0.034705786    0.052219971
     0.032612673    0.100045134   -0.158272422   -0.238170968    0.087214928
    -0.250387582   -0.133615313    0.214722404    0.323106091   -0.115193162
     0.330687365    0.056736120   -0.067048881   -0.100896631    0.026633632
    -0.076474232   -0.020654775   -0.002862370   -0.004305452   -0.005565435
     0.015971515   -0.012831963    0.004470840    0.093086203    0.015929193
    -0.001473910   -0.002217100   -0.003927154    0.106993742    0.023646007
    -0.002065332   -0.003962505   -0.001504766    0.103121341    0.026131863
    -0.003274742   -0.003257208   -0.001280339   -0.039929624    0.039854300
    -0.002154857    0.005511415    0.003082383   -0.063304946    0.012463978
     0.004513487    0.000029273    0.002265038    0.679077485    0.682085171
     0.022367750    0.030876943    0.018087736
    -0.331472700   -0.575227699    0.263704573    0.209789647   -0.000000045
    -0.000000202   -0.350431200   -0.000000064   -0.000000024    0.693006091
    -0.000000014    0.000000177    0.265923080   -0.000000027   -0.000001198
    -1.077002869   -0.268428957    0.000000121   -0.000000110   -0.000000213
    -0.000000070   -0.279225917   -0.000000163    0.000000213    0.000000281
     0.000000092   -0.402073763    0.000000051    0.000000694   -0.000000065
    -0.000000021   -0.536704582    0.000000002   -0.000000244    0.000000014
     0.000000004   -0.000000004   -0.000000011   -0.332716852    1.041742215
     0.000000001    0.000000013   -0.198093174    0.288665682   -0.165570239
    -0.000000001   -0.075049959   -0.012319567    0.288666556   -0.165570380
    -0.071376744   -0.023191707   -0.012319538    0.288666527   -0.165571842
    -0.044113207    0.060716620   -0.012319519    0.288666301   -0.165570673
     0.071376729   -0.023191701   -0.012319547    0.288666597   -0.165571842
     0.044113207    0.060716620   -0.012319521
     0.000013556   -0.000017223   -0.000017742   -0.000025130    0.000000456
     0.356579603   -0.000000057    0.000000352    0.108722384    0.000003639
    -0.000000133   -0.254106503    0.000000008    0.000001487    1.848009719
    -0.000000592   -0.000001710   -0.000000488    0.031053222    0.000010951
    -0.000000288    0.000001571    0.000000589   -0.139890608    0.000008813
     0.000000380   -0.000000564   -0.000001043   -1.110192948    0.000013829
    -0.000000088    0.000001804    0.000000264    0.367240392    0.000002394
     0.000000018   -0.000000015   -0.000001978    0.000001816    0.000008331
    -0.000000020   -0.020383521    0.000000199    0.493670687   -1.591877718
    -0.000000005    0.087256157    0.032804503    0.152567504   -0.491970547
     0.026721309    0.005006311    0.010138278   -0.399431705    1.287951841
    -0.043235067    0.055832250   -0.026542689    0.152567032   -0.491967732
    -0.026721161    0.005006266    0.010138255   -0.399431052    1.287954328
     0.043235142    0.055832358   -0.026542689
    -0.000000064    0.000000657    0.000000057    0.000000059    0.356579740
    -0.000000456   -0.000000047    0.108731510   -0.000000352   -0.000000056
    -0.254106990    0.000000132   -0.000000014    1.848010288   -0.000001487
    -0.000000026   -0.000000080    0.031054633    0.000000490   -0.000000380
    -0.000001290    0.000000108   -0.139895484   -0.000000592    0.000000502
    -0.000000739   -0.000000046   -1.110194818    0.000001043   -0.000000116
    -0.000001497    0.000000017    0.367240546   -0.000000264    0.000000024
    -0.000000254    0.000000210   -0.000000019   -0.000000075   -0.000000013
    -0.020383728    0.000000020    0.000000003   -0.000000626    0.000001155
    -0.003675475   -0.000000062   -0.000000019    0.469558379   -1.514058831
     0.078563136    0.026720936    0.031202347    0.290205190   -0.935749964
     0.027736574   -0.043234957    0.019284329   -0.469557880    1.514060211
     0.078563203   -0.026720948   -0.031202347   -0.290205696    0.935746799
     0.027736474    0.043234814   -0.019284326
     0.305191057    0.651470807   -0.118976504    1.473236022    0.000000005
    -0.000000026   -0.085619860    0.000000007   -0.000000012   -1.265430315
     0.000000002    0.000000015   -0.012082579    0.000000003   -0.000000117
    -2.124920303    0.721487210   -0.000000013    0.000000008    0.000000024
     0.000000008    0.618997815    0.000000018   -0.000000005   -0.000000031
    -0.000000010   -1.410431332   -0.000000006    0.000000074    0.000000008
     0.000000003    0.228271481    0.000000000   -0.000000023   -0.000000002
    -0.000000001    0.000000001    0.000000002   -0.703677169    2.685019378
     0.000000000    0.000000001   -0.032619883    0.135501966   -1.215584719
     0.000000000    0.106386902   -0.035312777    0.135501915   -1.215584854
     0.101179965    0.032875364   -0.035312778    0.135501994   -1.215584932
     0.062532659   -0.086068822   -0.035312774    0.135501944   -1.215584822
    -0.101179963    0.032875363   -0.035312777    0.135501986   -1.215584933
    -0.062532660   -0.086068822   -0.035312774
    -0.000027271   -0.000040917    0.000010981   -0.000241504    0.489188288
    -0.000002694    0.000013978    3.068842174    0.000063942    0.000368183
    -1.735138421    0.000000914   -0.000079145    0.130608151    0.000017302
     0.000107526    0.000125411   -0.543642509   -0.000024762   -0.000000862
    -0.005623495    0.000043287   -0.251469537   -0.000011758   -0.000000721
    -0.005184664    0.000119639   -0.682555203   -0.000025749   -0.000000563
    -0.005374559    0.000076981    0.035268879    0.000014952    0.000000043
     0.000144031   -0.000114707   -0.000000026   -0.000094377   -0.000228883
    -0.009854561   -0.000000798    0.000033535   -0.000004979    0.000099862
    -0.079174340    0.000006090    0.000004874   -0.265173514   -1.188226169
    -0.114301979   -0.011239133    0.075341081   -0.166531151   -0.738717971
    -0.092630964    0.018236951    0.046407272    0.265181538    1.188485179
    -0.114308372    0.011239544   -0.075332167    0.166565771    0.739070142
    -0.092628334   -0.018234854   -0.046399924
    -0.598480813    0.202842346    0.534894257    0.307113784   -0.000014202
    -0.126370430   -0.012336008    0.000422543   -1.935095308   -0.486580837
     0.000025335    0.128591805    0.091564802    0.000224247   -1.797559708
    -0.124456912   -0.040117804   -0.000135458    0.504290651    0.012618810
    -0.000010453   -0.025327414   -0.000047265    0.053841957    0.011222034
    -0.000008046   -0.284818321   -0.000199220    0.971206722    0.010691132
    -0.000004335   -0.026122687    0.000025927    0.803425210   -0.000521409
     0.000000632   -0.000000390    0.000308599    0.015679527    0.393805741
     0.000003260   -0.127207457   -0.019943955   -0.040014756    2.050875518
    -0.000004658   -0.176351305    0.126146804   -0.051475752    0.511231607
    -0.072725950    0.020551843    0.045757598   -0.051528318   -1.952248044
     0.090895195   -0.081802751   -0.083022159   -0.051378598    0.511922368
     0.072787410    0.020527761    0.045768316   -0.051458478   -1.951814706
    -0.090877548   -0.081763884   -0.083014471
     0.189092333    0.174491657   -0.081510365    1.913656204   -0.000090476
     0.028482241   -0.096929768    0.004868216   -0.485041363   -2.825416300
     0.000135906   -0.013778896    0.626661401    0.002641485   -0.093388856
    -0.726744342   -0.898591312   -0.001635795    0.182163692    0.007920405
    -0.000096207   -0.281245401   -0.000558955    0.090043658    0.006860187
    -0.000071430   -0.859186203   -0.002177426    0.192969484    0.006030336
    -0.000030787   -0.735749989    0.000115599   -0.160288703   -0.000338807
     0.000006651   -0.000003895    0.000212594    0.762842856    1.657579985
     0.000066031    0.012429370   -0.276052186    0.071663643   -0.764404999
    -0.000067319   -0.064348447   -0.030850746   -0.003720104   -0.976968605
    -0.041864385   -0.008562757   -0.024536753   -0.113142811   -1.297883467
    -0.003024196    0.008484698   -0.013297398   -0.002636763   -0.968999722
     0.042558661   -0.008842829   -0.024396587   -0.112383169   -1.292915504
     0.003205647    0.008937138   -0.013200177
    -0.240127195    0.085204502    0.215627694    0.145689884   -0.000005747
     0.474257601   -0.007096679    0.000140546    3.189142521   -0.229678390
     0.000011869   -1.701931658    0.045657621    0.000076250    0.182012311
    -0.058547807   -0.017265021   -0.000047352   -0.605632782    0.005312908
    -0.000004114   -0.012222074   -0.000017233   -0.280808708    0.004955976
    -0.000003213   -0.137070373   -0.000067820   -0.740825667    0.005334408
    -0.000001870   -0.013719981    0.000008313    0.067043568   -0.000179198
     0.000000235   -0.000000148    0.000104945    0.010615063    0.183153282
     0.000001265   -0.010537489   -0.008090816   -0.326271683   -1.425171909
    -0.000001500   -0.108763575    0.083357139   -0.117001383   -0.499532940
    -0.011610196   -0.084146991    0.028786122    0.229412330    1.012095860
     0.007825578   -0.091456162   -0.059074358   -0.116967869   -0.499300127
     0.011631808   -0.084155403    0.028790131    0.229436899    1.012242566
    -0.007819206   -0.091442595   -0.059071475
     0.000052258    0.000067168   -0.000025360    0.000360108   -0.145502993
     0.000004842   -0.000021289   -1.159120275   -0.000082274   -0.000554249
     0.132255236   -0.000001963    0.000116532   -1.473562739   -0.000014219
    -0.000168880   -0.000190994    0.246099201    0.000031548    0.000001002
     0.041554160   -0.000068239   -0.045157258    0.000015809    0.000000823
     0.038020323   -0.000187675    0.644085316    0.000032091    0.000000602
     0.039061869   -0.000108366    0.900407352   -0.000028198   -0.000000052
    -0.001545800    0.000903141    0.000000032    0.000140564    0.000352576
    -0.127510787    0.000002208   -0.000049232    0.000005883   -0.000168276
     0.032408317   -0.000006473   -0.000008823   -0.110830403    1.521863376
    -0.094274915   -0.042524638    0.107540961   -0.048785199    0.972817723
    -0.015737036    0.068473572    0.067676284    0.110816623   -1.522267849
    -0.094268914    0.042524423   -0.107556213    0.048732988   -0.973329165
    -0.015741051   -0.068477534   -0.067687395
    -2.475740974    0.718479566    2.169344310    0.340511210   -0.000014445
     0.055623237   -0.018376716    0.000341487   -0.866938088   -0.622118122
     0.000030078   -0.029829358    0.108091578    0.000185308   -0.176908046
    -0.128221527    0.344535714   -0.000115046    0.313275136    0.052721233
    -0.000007995    0.049113912   -0.000042043    0.138133987    0.046603701
    -0.000006466   -0.803374511   -0.000165615    0.318973781    0.043550322
    -0.000004398    0.277233830    0.000020892   -0.324449652   -0.002116768
     0.000000383   -0.000000262    0.001314732   -0.330827581    0.795117082
     0.000002980    0.026169296    0.078504866    0.015776847    0.388472466
    -0.000003693   -0.093259031    0.038455611   -0.140000953   -0.023335215
    -0.051296768   -0.007318294    0.050310427   -0.315210283   -0.579321485
     0.009752223   -0.007767582    0.074982526   -0.139918276   -0.022768915
     0.051349708   -0.007338637    0.050320305   -0.315151688   -0.578964655
    -0.009736637   -0.007734765    0.074989349
     1.379149513   -0.974763888   -1.265885900    2.682097859    0.000036569
     0.031398497    0.071363964   -0.000912645   -0.413151393    1.179045479
    -0.000075146   -0.077276504   -0.407176924   -0.000494960   -0.229936617
     0.633437870   -0.041297337    0.000307482    0.174523886   -0.002105151
     0.000032618   -0.061190098    0.000111730    0.072630645   -0.002422476
     0.000024879    0.884885137    0.000439275    0.208534329   -0.003830373
     0.000012735    0.276379079   -0.000052795   -0.038022179    0.000059661
    -0.000002045    0.000001242    0.000004114    0.039058353   -2.291638135
    -0.000008361   -0.004307007    0.116496634    0.189892290    0.176923675
     0.000009506    0.039946841   -0.047034786    0.143955574   -0.073896429
     0.065742157    0.026080963   -0.052206151    0.066245717   -0.491442035
     0.072938669   -0.095635826   -0.060562624    0.143741002   -0.075407026
    -0.065881557    0.026135887   -0.052231834    0.066082543   -0.492394271
    -0.072979953   -0.095724403   -0.060581886
    -0.000008262   -0.000032356    0.000000044   -0.000114199   -0.000898773
    -0.000001078    0.000006057    0.346274114    0.000024087    0.000161411
     0.004454447    0.000000414   -0.000029493    0.227791898    0.000005851
     0.000057701    0.000066951   -0.105364195   -0.000009994   -0.000000360
     1.303262037    0.000025860   -0.024018101   -0.000004934   -0.000000297
     0.919036301    0.000054123   -0.151881607   -0.000009510   -0.000000220
     0.154374753    0.000019375   -0.018753883    0.000005945    0.000000019
    -0.003516156    0.052614838   -0.000000011   -0.000039194   -0.000105503
     0.008115234   -0.000000309    0.000014150    0.000001463    0.000052895
    -0.067571861    0.000000221    0.000003758   -0.291170212   -0.325935800
     0.070468163   -0.027917953   -0.042450336    0.408112600   -0.166296178
    -0.006612474    0.033839897    0.050699471    0.291180388    0.326063203
     0.070469716    0.027916786    0.042457484   -0.408091738    0.166457482
    -0.006608996   -0.033835711   -0.050693015
     0.000003267    0.000004715   -0.000001383    0.000027389   -0.001606303
     0.000000318   -0.000001583   -0.068632736   -0.000007072   -0.000041740
     0.002225496   -0.000000112    0.000008921   -0.049507484   -0.000001798
    -0.000012297   -0.000014294    0.020789532    0.000002737    0.000000094
     1.328377140   -0.000004964    0.003870722    0.000001311    0.000000079
     0.320897531   -0.000013632    0.029008860    0.000002831    0.000000061
    -1.943041271   -0.000008626    0.010086768   -0.000001782   -0.000000005
    -0.240619398    0.127293819    0.000000003    0.000010696    0.000026034
    -0.002433784    0.000000105   -0.000003794    0.000000545   -0.000011576
    -0.138722160   -0.000000652   -0.000000578   -0.265057699    0.879228180
     0.115087283   -0.082206404   -0.075498063    0.438075324   -1.279689355
    -0.051264120    0.146072838    0.126788976    0.265056766   -0.879257770
     0.115087954    0.082206365    0.075497018   -0.438079260    1.279649648
    -0.051264423   -0.146073093   -0.126789818
    -0.000001526   -0.000004929   -0.000000522   -0.000041682    0.023231341
    -0.000000120    0.000002464    0.795432091    0.000019725    0.000063148
    -0.198463117    0.000000110   -0.000014829    0.848058789    0.000010141
     0.000015864    0.000019528    1.007979084   -0.000007668   -0.000000141
    -0.016662886    0.000006095    0.829485999   -0.000003253   -0.000000134
    -0.013231045    0.000019143   -0.436113526   -0.000008995   -0.000000151
    -0.008313980    0.000015493    0.316307338   -0.000000695    0.000000004
     0.000876265   -0.000574138   -0.000000002   -0.000016283   -0.000037063
    -0.087473665    0.000000435    0.000005840   -0.000001770    0.000006605
     0.031705272    0.000002325    0.000000021    0.313583745   -0.968654391
    -0.013956325   -0.014028982    0.010721903    0.185997658   -0.605003755
     0.014195509    0.022792864    0.005841060   -0.313583388    0.968690856
    -0.013958929    0.014029131   -0.010721331   -0.185991412    0.605077071
     0.014196364   -0.022792369   -0.005839651
     0.000011779    0.000022627   -0.000003041    0.000142469    0.035201842
     0.000001542   -0.000007672    0.584878436   -0.000030551   -0.000213614
    -0.223405785   -0.000000070    0.000045649   -0.024679175   -0.000005309
    -0.000061108   -0.000074453    1.319934854    0.000012197    0.000000801
     0.011832458   -0.000024855    0.372884613    0.000005875    0.000000647
     0.010027124   -0.000065509   -1.505285564    0.000010931    0.000000444
     0.008139507   -0.000047297   -0.220154800   -0.000010287   -0.000000045
    -0.000467678    0.000336891    0.000000027    0.000055989    0.000130099
    -0.094870652    0.000000748   -0.000020477    0.000002434   -0.000064248
     0.071828108   -0.000003332   -0.000003131    0.209219931   -0.533977833
    -0.175905319   -0.080979842   -0.028195843    0.134859840   -0.323545404
    -0.022735330    0.130943337   -0.016963624   -0.209225070    0.533824020
    -0.175901344    0.080979342    0.028190454   -0.134878852    0.323352767
    -0.022735787   -0.130943318    0.016959869
     0.159189727   -0.028622193   -0.136287375    0.076856087   -0.000001840
    -0.027511680   -0.009267902    0.000034490   -0.796830826   -0.049440566
     0.000004646    0.211725130    0.021044387    0.000019901   -0.839022571
    -0.013294084   -0.003107975   -0.000013728   -1.007372728    0.001328830
    -0.000001849   -0.009670228   -0.000005415   -0.828530329    0.001574444
    -0.000001414   -0.041099591   -0.000016989    0.429756661    0.002654213
    -0.000000735    0.006875925    0.000001331   -0.314156964   -0.000110474
     0.000000115   -0.000000070   -0.000005138    0.015456973    0.012066565
     0.000000537    0.087321948    0.007983713   -0.317677301    0.979817539
    -0.000000371    0.025429565   -0.013583269   -0.093310952    0.276634335
     0.019843413   -0.024075222   -0.005522308    0.271796182   -0.853933878
    -0.021102841   -0.001486902    0.007483614   -0.093302087    0.276693221
    -0.019837370   -0.024077621   -0.005521036    0.271803393   -0.853896405
     0.021104678   -0.001483037    0.007484591
    -0.295408808    0.066330997    0.260753337    0.301475378   -0.000006458
    -0.081992608   -0.001272369    0.000157394    0.039416039   -0.195508690
     0.000013342    0.330902654    0.024761219    0.000085381    0.370203803
    -0.031001333   -0.020361429   -0.000052984   -1.493393800    0.005171226
    -0.000004324   -0.014645681   -0.000019289   -0.443232519    0.004857728
    -0.000003405   -0.104742046   -0.000076012    1.136836317    0.005316595
    -0.000002061    0.000822001    0.000009350    0.278804186   -0.000170420
     0.000000238   -0.000000152    0.000099342    0.005677560    0.092044466
     0.000001408    0.094610659   -0.005373307   -0.326009073   -0.105976822
    -0.000001689    0.254879492    0.021423515   -0.118423340   -0.102449254
     0.094708742   -0.044088730    0.008907860    0.225067294   -0.082819627
    -0.160726268    0.146065030   -0.010931943   -0.118385686   -0.102188498
    -0.094684514   -0.044098127    0.008912365    0.225094619   -0.082655337
     0.160733401    0.146080190   -0.010928742
    -0.263963053    0.061213663    0.231111029    0.114136971   -0.000002184
    -0.011656915    0.004195071    0.000053932    0.184663957   -0.086465321
     0.000004499    0.025098504    0.002710975    0.000029260    0.095422891
    -0.014806257   -0.011252405   -0.000018171   -0.037160664   -1.378597807
    -0.000001412   -0.003730671   -0.000006604   -0.018671146   -0.934562423
    -0.000001117   -0.040293912   -0.000025985   -0.122065263   -0.047805511
    -0.000000689   -0.001210048    0.000003159    0.010415249    0.032028740
     0.000000076   -0.000000049   -0.060928805   -0.006722421    0.056452777
     0.000000490   -0.000657129   -0.007740149   -0.515817117   -0.153639261
    -0.000000587    0.070480245   -0.067310909    0.359680465   -0.123562596
    -0.035597895   -0.055587030    0.055699570   -0.147731258    0.116130232
     0.056731222    0.036604547   -0.014523080    0.359693376   -0.123473271
     0.035606191   -0.055590245    0.055701117   -0.147721955    0.116186490
    -0.056728790    0.036609735   -0.014521989
    -0.081661823    0.018861671    0.071168710    0.012097810   -0.000000392
     0.000021074    0.002211262    0.000009731    0.002424355   -0.012597400
     0.000000806    0.000074158   -0.002413423    0.000005278   -0.000083544
    -0.002300819   -0.002477131   -0.000003279   -0.002321166    1.250141675
    -0.000000258    0.000315880   -0.000001191   -0.002039189    0.268180174
    -0.000000204   -0.003694206   -0.000004684   -0.002056427   -1.950239202
    -0.000000124   -0.000812640    0.000000568   -0.001105045   -0.232626272
     0.000000014   -0.000000009    0.123458922   -0.003831249    0.012608055
     0.000000089    0.000187014   -0.002898336    0.423631070   -1.392118391
    -0.000000106   -0.149643585    0.128838244   -0.353528776    1.120432418
     0.087597950    0.112238997   -0.102728907    0.128279405   -0.430469672
    -0.132376041   -0.037376509    0.040568791   -0.353526449    1.120448531
    -0.087596455    0.112238416   -0.102728629    0.128281086   -0.430459525
     0.132376479   -0.037375573    0.040568988
    -0.615494365   -1.174298974    0.353816674   -0.782157558   -0.000006874
    -0.000445813    0.097901617   -0.000191727    0.017055764    1.869938691
     0.000018845    0.002790087   -0.084324467   -0.000109639   -0.005807162
     1.409343957    1.015121875    0.000062004   -0.024548721    0.016424549
    -0.000015990    0.613333902    0.000018382   -0.022150086    0.014942335
    -0.000011476    1.382134324    0.000075637   -0.017428803    0.015131645
    -0.000003748   -0.636520571    0.000019071   -0.010431407   -0.000626016
     0.000001238   -0.000000692    0.000366262   -0.214970699   -2.144965749
    -0.000005386    0.001879525    0.035448167    0.194938609    1.028322396
     0.000004822   -0.150192633    0.103772867    0.191349705    1.015188051
    -0.142752570   -0.046723205    0.103836954    0.209490775    1.032163289
    -0.089765250    0.122170128    0.105446550    0.191310395    1.014872177
     0.142728899   -0.046714280    0.103828630    0.209481450    1.031972770
     0.089762101    0.122155594    0.105443288
     0.416641030    0.027849538   -0.367829311    0.310545430   -0.000019477
     0.011699790   -0.491731390    0.000527176   -0.192570940   -1.311587485
     0.000039069   -0.028046386    1.542993136    0.000285774   -0.099918082
     0.432473237    0.422888551   -0.000175355    0.046747700   -0.023159123
    -0.000016560    0.161996254   -0.000063117    0.027417199   -0.018997079
    -0.000012683   -0.228786058   -0.000252665    0.133162246   -0.013954348
    -0.000006646    0.373737165    0.000027805   -0.000043101    0.001338366
     0.000001021   -0.000000626   -0.000745103   -0.163870304    0.031446283
     0.000005007   -0.000832788    0.333272428    0.006026722    0.038104094
    -0.000005695   -0.046387284    0.071644953    0.003810171   -0.068587851
    -0.036177303   -0.011905397    0.069549188   -0.033296987   -0.274364957
    -0.011803850    0.018095101    0.063074934    0.003932693   -0.067716102
     0.036256644   -0.011936616    0.069564170   -0.033205747   -0.273816402
     0.011827006    0.018145463    0.063085899
    -1.296935730    0.813902866    1.180173471    0.025059830    0.000038674
     0.001288492   -0.026747037   -0.000904268    0.016174883   -0.097959801
    -0.000080819    0.000230960    0.061725472   -0.000491184   -0.001628605
    -0.231263736   -1.168266081    0.000301536   -0.022276843    0.021690084
     0.000036831   -0.292399455    0.000110464   -0.021270430    0.019709632
     0.000027963    1.176534766    0.000442240   -0.019574936    0.019911551
     0.000013929    0.311177415   -0.000054838   -0.018881294   -0.000843717
    -0.000002353    0.000001418    0.000486904    0.096928444   -0.264540497
    -0.000007688    0.002728000   -0.177860107   -0.217217941   -0.014216398
     0.000008711    0.021082986   -0.088931554   -0.225542779   -0.030184790
     0.020586651    0.006364653   -0.088560739   -0.207513763   -0.006799043
     0.011283567   -0.017224726   -0.085971988   -0.225754085   -0.031685990
    -0.020725087    0.006419232   -0.088586329   -0.207678864   -0.007747078
    -0.011325444   -0.017312715   -0.085991671
     0.000137042   -0.000463935   -0.000248058   -0.002149441   -0.126085770
    -0.000016605    0.000241155    3.153390973    0.000454639    0.004712042
     0.259108653    0.000000078   -0.001271267    1.710616576    0.000135014
     0.001132460    0.000815457   -1.062104605   -0.000134436   -0.000005321
    -0.095832605    0.000281330   -0.385859245   -0.000062626   -0.000004437
    -0.074284227    0.002048959   -1.517857147   -0.000205971   -0.000003457
    -0.041582133    0.001061574    0.181535991    0.000095550    0.000000283
     0.005674510   -0.003514945   -0.000000166   -0.000953923   -0.003279043
     0.028974949   -0.000007186    0.000297696   -0.000015040    0.001225207
    -0.033762669    0.000109457   -0.000026303   -0.373937691   -2.609029399
     0.241552299    0.094358373   -0.044931131   -0.275926654   -1.642661690
     0.071059485   -0.152219361   -0.032582276    0.374016491    2.611919847
     0.241376160   -0.094309603    0.044874312    0.276166163    1.646247123
     0.070989512    0.152115474    0.032517282
    -0.642788142    0.163363529    0.573497728    1.043840486   -0.000016630
    -0.156908654   -0.056530431    0.000427150    2.454458522   -0.786426065
     0.000034222    0.329767015    0.233815584    0.000231982    1.292976360
    -0.081364342   -0.038034879   -0.000147236   -0.470593858    0.126161237
    -0.000010856   -0.044866433   -0.000053395   -0.206556991    0.089014291
    -0.000008565   -0.394967975   -0.000202508   -1.574725632    0.023803920
    -0.000005229    0.030285477    0.000023999    0.185778696   -0.009767743
     0.000000592   -0.000000380    0.005615891    0.032480395    0.312435965
     0.000004267   -0.013453140    0.017914933   -0.290478043   -2.570256598
    -0.000004920    0.165218187   -0.026264828   -0.179943106   -1.048312071
     0.049781913    0.018092720   -0.005307806    0.180390463    1.455925447
    -0.096491709    0.120114050    0.052150476   -0.179839921   -1.047605937
    -0.049715782    0.018066967   -0.005295582    0.180464414    1.456369826
     0.096510802    0.120155602    0.052159071
    -0.020364495    0.004740649    0.017827289    0.008248720   -0.000000161
    -0.000865651    0.000365448    0.000003953    0.013639444   -0.006380437
     0.000000333    0.001872016    0.000081207    0.000002144    0.006943939
    -0.001150995   -0.000917507   -0.000001332   -0.002942089   -0.454104504
    -0.000000104   -0.000275463   -0.000000485   -0.001523611   -0.079281480
    -0.000000082   -0.002910847   -0.000001906   -0.008986104   -0.253502705
    -0.000000051   -0.000153482    0.000000234    0.000753304    1.203305426
     0.000000006   -0.000000004   -0.109289011   -0.000518208    0.004325780
     0.000000036   -0.000037261   -0.000641088   -0.339321799   -0.343943099
    -0.000000043    0.204163092   -0.067290421    0.270081895    0.260139707
    -0.135689523   -0.115560965    0.054538755   -0.103952909   -0.094258879
     0.125233831    0.014683016   -0.020328728    0.270082843    0.260146254
     0.135690132   -0.115561201    0.054538868   -0.103952226   -0.094254754
    -0.125233653    0.014683396   -0.020328648
     0.000000628    0.000002851    0.000000065    0.000009551    0.000022074
     0.000000088   -0.000000507   -0.029819105   -0.000001956   -0.000013444
    -0.000328884   -0.000000034    0.000002413   -0.019855330   -0.000000468
    -0.000004911   -0.000005670    0.009026590    0.000000818    0.000000030
    -0.464128482   -0.000002216    0.002038333    0.000000406    0.000000024
    -0.089674594   -0.000004551    0.013168736    0.000000770    0.000000018
    -0.266147242   -0.000001459    0.001944498   -0.000000486   -0.000000002
     1.202182334   -0.109303292    0.000000001    0.000003228    0.000008863
    -0.000736084    0.000000025   -0.000001166   -0.000000163   -0.000004494
     0.116176558    0.000000006   -0.000000327    0.202017260    0.225086837
    -0.144909059    0.051162973    0.040283490   -0.321598182   -0.304068460
     0.084239151   -0.176086123   -0.063560456   -0.202018179   -0.225097573
    -0.144909231   -0.051162863   -0.040284113    0.321596390    0.304054983
     0.084238840    0.176085743    0.063559891
     0.000000002    0.000000002   -0.000000001    0.000000008   -0.000000008
     0.000000000   -0.000000001    0.000000498   -0.000000003   -0.000000013
    -0.000000014    0.000000000    0.000000004    0.000000243   -0.000000001
    -0.000000004   -0.000000004    0.000000133    0.000000001    0.000000000
     0.215970317   -0.000000002    0.000000056    0.000000001    0.000000000
    -0.011440197   -0.000000004   -0.000000432    0.000000002    0.000000000
     0.151921738   -0.000000002    0.000000001   -0.000000001    0.000000000
    -0.103100995    1.149874690    0.000000000    0.000000003    0.000000008
    -0.000000015    0.000000000   -0.000000001    0.000000000   -0.000000003
     0.075753278    0.000000000    0.000000000   -0.139440703   -0.147797631
     0.057761808    0.083207527   -0.068320407    0.225619804    0.239140593
    -0.095638437    0.091809176    0.110544719    0.139440703    0.147797623
     0.057761808   -0.083207527    0.068320407   -0.225619806   -0.239140607
    -0.095638437   -0.091809176   -0.110544719
    -0.000000337    0.000000256    0.000000323    0.000000471    0.000000000
    -0.000000086   -0.000000097    0.000000009    0.000000162   -0.000000945
     0.000000001    0.000000260    0.000000333    0.000000005   -0.000001398
    -0.000000211    0.000000099   -0.000000003   -0.000001611    0.215970389
     0.000000000   -0.000000031   -0.000000001   -0.000001644   -0.011440144
     0.000000000   -0.000000732   -0.000000004   -0.000000703    0.151921759
     0.000000000    0.000000074    0.000000000   -0.000000411   -0.103100999
     0.000000000    0.000000000    1.149874693   -0.000000010    0.000000758
     0.000000000    0.000000084    0.000000059    0.237229914    0.251448086
     0.000000000   -0.137205378    0.116233608   -0.191923973   -0.203425468
     0.119328161   -0.008046051   -0.094034945    0.073308894    0.077700599
     0.033364758    0.076648683    0.035918201   -0.191923971   -0.203425454
    -0.119328160   -0.008046052   -0.094034945    0.073308895    0.077700608
    -0.033364757    0.076648684    0.035918201
     0.603331075   -0.572940375   -0.679343077   -1.091777527   -0.000000035
     0.000000024    0.012579820   -0.000000050    0.000000036   -0.425805437
    -0.000000010    0.000000009    0.036637474   -0.000000021    0.000000003
    -0.050398198   -0.085093830    0.000000094   -0.000000070   -0.000000167
    -0.000000054   -0.214444916   -0.000000127    0.000000096    0.000000220
     0.000000071   -0.222903113    0.000000040   -0.000000023   -0.000000051
    -0.000000017    0.138941666    0.000000002   -0.000000004    0.000000011
     0.000000003   -0.000000003   -0.000000009   -1.047435930    2.128162786
     0.000000001   -0.000000001    0.443901185   -0.053717926    0.241745616
    -0.000000001    0.024428360   -0.004549867   -0.053717416    0.241746065
     0.023232729    0.007548772   -0.004549856   -0.053717720    0.241745828
     0.014358622   -0.019762950   -0.004549860   -0.053717615    0.241745838
    -0.023232740    0.007548776   -0.004549863   -0.053717665    0.241745828
    -0.014358622   -0.019762951   -0.004549861
     0.278975314   -0.878042622   -0.395927861   -0.405690705   -0.000000002
    -0.000000005   -0.102692545   -0.000000003   -0.000000020   -1.611496536
    -0.000000001    0.000000000    0.035583465   -0.000000001   -0.000000001
    -0.033620699   -0.649186700    0.000000005    0.000000099   -0.000000009
    -0.000000003    0.039123473   -0.000000007    0.000000015    0.000000011
     0.000000004   -0.501579357    0.000000002    0.000000082   -0.000000003
    -0.000000001   -0.227014166    0.000000000    0.000000043    0.000000001
     0.000000000    0.000000000    0.000000000   -0.091671508    2.298828937
     0.000000000   -0.000000447   -1.272487682   -0.088140725   -0.036156573
     0.000000000    0.000837231   -0.017352220   -0.088140721   -0.036156574
     0.000796258    0.000258725   -0.017352217   -0.088140770   -0.036156627
     0.000492124   -0.000677346   -0.017352213   -0.088140731   -0.036156585
    -0.000796258    0.000258726   -0.017352217   -0.088140768   -0.036156627
    -0.000492124   -0.000677346   -0.017352213
     0.000000147   -0.000000547   -0.000000223   -0.000000201    0.000000000
     0.015678612   -0.000000030    0.000000000    0.053123384   -0.000000572
     0.000000000    0.001122774    0.000000015    0.000000000    0.003813564
    -0.000000013   -0.000000199    0.000000000   -0.245484463   -0.000000093
     0.000000000    0.000000016    0.000000001   -0.024637369    0.000000014
     0.000000000   -0.000000155    0.000000000   -0.200251467   -0.000000064
     0.000000000   -0.000000116    0.000000000   -0.102941900    0.000000023
     0.000000000    0.000000000   -0.000000037   -0.000000061    0.000000922
     0.000000000    1.068566383   -0.000000528   -0.073071052   -0.087559615
     0.000000000    0.022832339    0.008766953   -0.022580201   -0.027057225
     0.010600900   -0.009794025    0.002709334    0.059115667    0.070837153
    -0.017152682    0.010370198   -0.007092649   -0.022580201   -0.027057224
    -0.010600900   -0.009794025    0.002709334    0.059115666    0.070837153
     0.017152682    0.010370198   -0.007092649
     0.000000000   -0.000000002    0.000000000    0.000000000    0.015678599
     0.000000000    0.000000000    0.053123678    0.000000000    0.000000000
     0.001122760    0.000000000    0.000000000    0.003813570    0.000000000
     0.000000000    0.000000000   -0.245484643    0.000000001   -0.000000001
     0.000000331    0.000000000   -0.024637382   -0.000000001    0.000000001
    -0.000000001    0.000000000   -0.200251614    0.000000000    0.000000000
     0.000000249    0.000000000   -0.102941863    0.000000000    0.000000000
    -0.000000083    0.000000025    0.000000000    0.000000000    0.000000000
     1.068566399    0.000000000    0.000000000    0.000000000    0.000000000
    -0.013239154    0.000000000    0.000000000   -0.069494815   -0.083274281
     0.019387918    0.010600936    0.008337860   -0.042950056   -0.051466007
    -0.000776261   -0.017152744    0.005153586    0.069494818    0.083274284
     0.019387918   -0.010600936   -0.008337860    0.042950055    0.051466006
    -0.000776261    0.017152744   -0.005153586
    -0.305474638    0.375384118    0.397640231    0.563248257   -0.000000221
     0.005473215   -0.004157772   -0.000000315    0.216814481   -0.072406157
    -0.000000066   -0.010847814    0.003637796   -0.000000130    0.014438045
    -0.005668990    0.034542442    0.000000595    0.026828088   -0.235115502
     0.000000203   -0.037403226   -0.000000807   -0.105892698   -0.177182068
    -0.000000268    0.004448039    0.000000252   -0.046214887   -0.291467731
     0.000000062   -0.047693494    0.000000011    0.003500588   -0.049728404
    -0.000000013    0.000000010    0.041074906   -0.045974552   -0.165346263
     0.000000006   -0.004877847   -0.007348100    1.172545314   -2.250250320
     0.000000001   -0.246374175    0.080888042    0.076442815    0.379257308
    -0.015402663    0.006658429    0.002324528   -0.013200544   -0.266207852
    -0.000871714    0.007175305    0.004929489    0.076442357    0.379256502
     0.015402621    0.006658440    0.002324498   -0.013201494   -0.266208878
     0.000871682    0.007175263    0.004929460
     0.000000011   -0.000000109   -0.000000009   -0.000000010    0.015994555
     0.000000024    0.000000008   -0.520892017    0.000000035    0.000000009
     0.021918432    0.000000007    0.000000002   -0.003938924    0.000000014
     0.000000004    0.000000013    0.207111609   -0.000000066    0.000000044
    -0.266280738   -0.000000018    0.014276533    0.000000089   -0.000000059
    -0.015805433    0.000000008    0.167378022   -0.000000028    0.000000014
    -0.209437608   -0.000000003    0.011652635   -0.000000001   -0.000000003
     0.109942882    0.076238130    0.000000002    0.000000012    0.000000002
    -0.014943795   -0.000000001   -0.000000001    0.000000032    0.000000004
     1.103146572    0.000000000   -0.000000001    0.187926415    0.197798364
    -0.033661640   -0.012091235    0.019903007    0.013331607   -0.036837800
     0.003941879    0.008800100   -0.014530987   -0.187926490   -0.197798431
    -0.033661642    0.012091235   -0.019903009   -0.013331460    0.036837967
     0.003941884   -0.008800091    0.014530992
    -0.158899522    1.000193146    0.301174636    0.156525693   -0.000000012
     0.131196860   -0.056949836   -0.000000017    1.351362033   -0.621572319
    -0.000000004   -0.009340447    0.004082876   -0.000000007    0.007932535
    -0.000837273   -0.134952207    0.000000033   -0.452583335   -0.393793575
     0.000000120    0.024889107   -0.000000044    0.071029968    0.087724235
    -0.000000158   -0.093777223    0.000000014   -0.314204796   -0.255581340
     0.000000037    0.142335103    0.000000001    0.001070447    0.201183817
    -0.000000008    0.000000006   -0.154236765    0.021216765    0.105973477
     0.000000000    0.022587223    0.006596836   -0.138798707   -1.995548403
     0.000000001    1.305863645   -0.338582200   -0.119829561    0.126000865
     0.012856870   -0.035498765    0.014411979    0.044541480    0.068375778
     0.000587371   -0.002016288   -0.019926041   -0.119829426    0.126000947
    -0.012856867   -0.035498768    0.014411980    0.044541169    0.068375517
    -0.000587379   -0.002016298   -0.019926047
    -0.040141457    0.228884656    0.072766569    0.044050303    0.000000026
     0.022267597   -0.024664722    0.000000038    0.151945131   -0.088705494
     0.000000008    0.002877247   -0.002232609    0.000000016   -0.003833334
    -0.004252398   -0.203315677   -0.000000071    0.098824306   -0.193991582
    -0.000000071   -0.004461475    0.000000096    0.031261198    0.015794013
     0.000000094   -0.156884806   -0.000000030    0.090894639   -0.138609491
    -0.000000022    0.011704017   -0.000000001   -0.112830753    0.017868217
     0.000000005   -0.000000004   -0.084567887    0.067672737    0.094142538
    -0.000000001   -0.015174230   -0.017473039   -0.031670148   -0.363302306
    -0.000000001   -0.176419177   -1.083536879    0.012402533    0.060093737
    -0.013204454   -0.016691923   -0.013843097   -0.065175240   -0.100937782
     0.022272543   -0.004566093   -0.013100837    0.012402518    0.060093779
     0.013204457   -0.016691923   -0.013843095   -0.065175015   -0.100937571
    -0.022272537   -0.004566084   -0.013100831
    -0.305480720    0.375383714    0.397648020    0.563260482    0.005190171
     0.001690902   -0.004157261    0.206194662    0.067016041   -0.072405062
    -0.010306133   -0.003347211    0.003637987    0.013653767    0.004435336
    -0.005668900    0.034544441    0.025513749    0.008274074    0.190215208
     0.138192784   -0.037405106   -0.100703033   -0.032705028    0.143350736
     0.104142817    0.004448880   -0.043905620   -0.014271398    0.235808370
     0.171315269   -0.047695296    0.003313847    0.001075957    0.040233128
     0.029228815   -0.024142556   -0.033231913   -0.045975086   -0.165350459
    -0.004638176   -0.001506675   -0.007348325    0.076409970    0.379295858
     0.011092173   -0.012580796    0.002320785    1.172524460   -2.250186979
    -0.234319441   -0.076135697    0.080886819    0.076457349    0.379266425
     0.001566204    0.016715115    0.002326845   -0.013160993   -0.266316306
     0.007095002    0.001387138    0.004932347   -0.013165227   -0.266248744
     0.006558211    0.003050656    0.004932931
     0.000000006    0.000000012   -0.000000021   -0.000000008   -0.004942610
     0.015211715    0.000000002    0.160964244   -0.495397611    0.000000027
    -0.006773167    0.020845661   -0.000000001    0.001217174   -0.003746145
    -0.000000002    0.000000069   -0.064000930    0.196974986    0.156515909
    -0.215425832    0.000000019   -0.004411785    0.013577789    0.009290152
    -0.012786895    0.000000056   -0.051722615    0.159186071    0.123104334
    -0.169438737   -0.000000002   -0.003600859    0.011082336   -0.064622793
     0.088945704    0.061677907   -0.044811625   -0.000000039   -0.000000040
     0.004618092   -0.014213019    0.000000008    0.187926506    0.197798466
    -0.001097203   -0.035750532    0.019903004    0.000000054    0.000000181
    -0.340891019    1.049154758    0.000000262   -0.187926442   -0.197798463
     0.021901611   -0.028277638   -0.019903032    0.013331423   -0.036838093
     0.007151219    0.006468056   -0.014531242   -0.013331587    0.036837989
    -0.009587408    0.001029412    0.014531464
    -0.158901507    1.000177402    0.301178663    0.156530985    0.124774168
     0.040541068   -0.056948353    1.285216814    0.417587169   -0.621573908
    -0.008883624   -0.002886444    0.004083484    0.007543677    0.002451077
    -0.000836351   -0.134949205   -0.430427958   -0.139852902    0.318590160
     0.231467441    0.024884714    0.067548975    0.021947611   -0.070978328
    -0.051568468   -0.093775749   -0.298824501   -0.097092898    0.206769846
     0.150225843    0.142334552    0.001018118    0.000330901   -0.162762599
    -0.118253014    0.090658223    0.124781388    0.021219077    0.105972369
     0.021481667    0.006979806    0.006596673   -0.119810995    0.126001743
    -0.037734155    0.001252725    0.014414476   -0.138797948   -1.995541720
     1.241949759    0.403534122   -0.338582160   -0.119811562    0.125992391
    -0.029788016   -0.023197588    0.014412105    0.044542370    0.068370790
    -0.002102792   -0.000063065   -0.019927098    0.044541525    0.068373596
    -0.001737412   -0.001183597   -0.019926521
    -0.040143450    0.228905905    0.072768074    0.044052129    0.021178719
     0.006881393   -0.024666278    0.144509163    0.046953505   -0.088706432
     0.002736741    0.000889237   -0.002233118   -0.003645104   -0.001184366
    -0.004253312   -0.203318367    0.093984869    0.030537549    0.156939179
     0.114022826   -0.004457777    0.029734946    0.009661496   -0.012772652
    -0.009279800   -0.156886326    0.086444868    0.028087660    0.112136614
     0.081471924    0.011704356   -0.107308432   -0.034866583   -0.014455682
    -0.010502655    0.049707718    0.068416875    0.067670134    0.094141966
    -0.014431582   -0.004688928   -0.017472951    0.012392832    0.060086518
    -0.011794579   -0.017716811   -0.013842678   -0.031670377   -0.363304977
    -0.167784469   -0.054516200   -1.083537024    0.012392671    0.060086215
    -0.019955621    0.007400669   -0.013843284   -0.065176075   -0.100938758
    -0.011225148    0.019771776   -0.013101278   -0.065175995   -0.100938587
     0.002539878   -0.022593454   -0.013101120
    -0.305483679    0.375372724    0.397653052    0.563267245    0.003211195
    -0.004417591   -0.004156094    0.127432232   -0.175396932   -0.072406705
    -0.006367006    0.008764993    0.003638493    0.008435716   -0.011612364
    -0.005668182    0.034546881    0.015754550   -0.021692943   -0.072655069
    -0.223611286   -0.037408825   -0.062215871    0.085646487   -0.054767793
    -0.168526895    0.004449986   -0.027135531    0.037348457   -0.090075819
    -0.277212663   -0.047695947    0.002046717   -0.002817886   -0.015369025
    -0.047297096    0.039066672    0.012694570   -0.045973363   -0.165352010
    -0.002866401    0.003945346   -0.007348502   -0.013115157   -0.266333165
     0.003511831   -0.006324988    0.004934452    0.076391894    0.379338509
    -0.008542332   -0.014438180    0.002321660    1.172524669   -2.250207583
    -0.144817708    0.199324220    0.080886627   -0.013127963   -0.266308675
     0.004928505   -0.005294171    0.004933904    0.076428804    0.379305698
     0.016374292    0.003666923    0.002323631
     0.000000015   -0.000000098   -0.000000024   -0.000000016    0.012939841
     0.009401375    0.000000009   -0.421410231   -0.306172286    0.000000028
     0.017732367    0.012883322    0.000000001   -0.003186656   -0.002315218
     0.000000003    0.000000062    0.167556840    0.121737085   -0.253248312
     0.082285596   -0.000000004    0.011549925    0.008391611   -0.015031931
     0.004884133    0.000000047    0.135411674    0.098382296   -0.199187236
     0.064720018   -0.000000004    0.009427226    0.006849253    0.104561965
    -0.033974289   -0.023558830    0.072506721   -0.000000016   -0.000000026
    -0.012090308   -0.008784128    0.000000005    0.013331456   -0.036838198
     0.008361047   -0.004802499   -0.014531499    0.187926366    0.197798402
    -0.034339735   -0.010004182    0.019903156    0.000000141    0.000000307
     0.892464370    0.648413262    0.000000414   -0.013331467    0.036838231
    -0.001983706    0.009436069    0.014531659   -0.187926427   -0.197798583
    -0.020125856   -0.029567722   -0.019903404
    -0.158904873    1.000184343    0.301183000    0.156536868    0.077114969
    -0.106138608   -0.056948628    0.794301348   -1.093263622   -0.621575207
    -0.005490027    0.007556784    0.004083463    0.004662869   -0.006416957
    -0.000836514   -0.134949423   -0.266019282    0.366141820   -0.121690023
    -0.374524495    0.024884781    0.041750935   -0.057460587    0.027112526
     0.083438541   -0.093776065   -0.184683097    0.254193667   -0.078977714
    -0.243072490    0.142334224    0.000629185   -0.000866048    0.062171055
     0.191339189   -0.146689458   -0.047663225    0.021218400    0.105970825
     0.013276241   -0.018273295    0.006596601    0.044542478    0.068367956
    -0.000709610    0.001984411   -0.019928096   -0.119809128    0.125989238
    -0.010472607    0.036273177    0.014414571   -0.138796664   -1.995542082
     0.767567293   -1.056465477   -0.338582361    0.044548603    0.068358622
    -0.001664359    0.001286982   -0.019926815   -0.119811879    0.125999547
    -0.031264688    0.021165010    0.014413235
    -0.040142351    0.228894705    0.072767106    0.044051115    0.013087823
    -0.018015997   -0.024665474    0.089309004   -0.122927161   -0.088705477
     0.001691020   -0.002328104   -0.002232872   -0.002253600    0.003100524
    -0.004252864   -0.203317003    0.058089512   -0.079947403   -0.059948193
    -0.184494759   -0.004459615    0.018372263   -0.025295187    0.004882214
     0.015017242   -0.156885555    0.053427430   -0.073533988   -0.042833269
    -0.131825061    0.011704073   -0.066320146    0.091281954    0.005521762
     0.016993804   -0.080428944   -0.026133102    0.067671418    0.094142190
    -0.008918690    0.012276206   -0.017473006   -0.065176620   -0.100938534
     0.015335567    0.016785429   -0.013101682    0.012401392    0.060095325
    -0.020494843    0.005742349   -0.013842173   -0.031670193   -0.363303892
    -0.103696184    0.142726237   -1.083536967   -0.065174593   -0.100938390
    -0.020702744   -0.009397532   -0.013101479    0.012393870    0.060086655
     0.000872041    0.021265685   -0.013842869
    -0.305480983    0.375386391    0.397648252    0.563260725   -0.005190103
     0.001690774   -0.004157453   -0.206194565    0.067015860   -0.072405292
     0.010306154   -0.003347249    0.003637928   -0.013653727    0.004435261
    -0.005669007    0.034544112   -0.025513932    0.008274417    0.190215343
    -0.138193165   -0.037404667    0.100703280   -0.032705493    0.143350557
    -0.104142313    0.004448694    0.043905542   -0.014271253    0.235808412
    -0.171315386   -0.047695228   -0.003313851    0.001075963    0.040233120
    -0.029228790    0.024142536   -0.033231906   -0.045975392   -0.165350511
     0.004638174   -0.001506672   -0.007348313    0.076409852    0.379295793
    -0.011092176   -0.012580783    0.002320784   -0.013161411   -0.266316771
    -0.007094968    0.001387145    0.004932334   -0.013166400   -0.266249930
    -0.006558167    0.003050600    0.004932900    1.172523714   -2.250187566
     0.234319404   -0.076135683    0.080886807    0.076457224    0.379266154
    -0.001566219    0.016715094    0.002326834
     0.000000014   -0.000000066   -0.000000027   -0.000000016    0.004942565
     0.015211726    0.000000008   -0.160964308   -0.495397595    0.000000034
     0.006773153    0.020845664    0.000000000   -0.001217201   -0.003746138
     0.000000001    0.000000079    0.064001050    0.196974956    0.156515925
     0.215425892    0.000000006    0.004411621    0.013577830    0.009290131
     0.012786816    0.000000061    0.051722666    0.159186058    0.123104338
     0.169438755   -0.000000004    0.003600861    0.011082335   -0.064622794
    -0.088945708   -0.061677904   -0.044811624   -0.000000031   -0.000000039
    -0.004618091   -0.014213019    0.000000007    0.187926521    0.197798468
     0.001097204   -0.035750532    0.019903004    0.013331448   -0.036838029
    -0.007151222    0.006468056   -0.014531239   -0.013331430    0.036838154
     0.009587403    0.001029420    0.014531468    0.000000014    0.000000104
     0.340891015    1.049154758    0.000000259   -0.187926524   -0.197798543
    -0.021901614   -0.028277641   -0.019903034
    -0.158902341    1.000185888    0.301179400    0.156531754   -0.124774856
     0.040540262   -0.056948962   -1.285217791    0.417586022   -0.621574635
     0.008883420   -0.002886684    0.004083299   -0.007544082    0.002450601
    -0.000836690   -0.134950246    0.430429805   -0.139850735    0.318589551
    -0.231465142    0.024886104   -0.067551481    0.021944671   -0.070977523
     0.051565432   -0.093776339    0.298825283   -0.097091980    0.206769659
    -0.150225141    0.142334767   -0.001018084    0.000330940   -0.162762560
     0.118252867   -0.090658105    0.124781357    0.021218110    0.105972203
    -0.021481649    0.006979826    0.006596714   -0.119811944    0.126001505
     0.037734173    0.001252766    0.014414488    0.044541285    0.068370545
     0.002102825   -0.000063035   -0.019927083    0.044541938    0.068373324
     0.001737432   -0.001183646   -0.019926546   -0.138798006   -1.995542529
    -1.241949839    0.403534134   -0.338582200   -0.119818059    0.125985797
     0.029787796   -0.023197888    0.014411928
    -0.040142336    0.228894563    0.072767089    0.044051101   -0.021177801
     0.006882458   -0.024665464   -0.144507858    0.046955020   -0.088705459
    -0.002736468    0.000889553   -0.002232869    0.003645644   -0.001183739
    -0.004252859   -0.203316975   -0.093987334    0.030534688    0.156939959
    -0.114025782   -0.004459636   -0.029731601    0.009665377   -0.012773682
     0.009283704   -0.156885537   -0.086445912    0.028086448    0.112136852
    -0.081472827    0.011704069    0.107308387   -0.034866635   -0.014455732
     0.010502844   -0.049707870    0.068416915    0.067671428    0.094142187
     0.014431559   -0.004688955   -0.017473005    0.012394080    0.060086835
     0.011794555   -0.017716867   -0.013842694   -0.065174664   -0.100938457
     0.011225104    0.019771737   -0.013101299   -0.065176441   -0.100938150
    -0.002539907   -0.022593386   -0.013101086   -0.031670173   -0.363303792
     0.167784580   -0.054516217   -1.083536968    0.012401182    0.060094879
     0.019955910    0.007401064   -0.013843052
    -0.305483973    0.375375713    0.397653311    0.563267516   -0.003211071
    -0.004417479   -0.004156308   -0.127432056   -0.175396772   -0.072406961
     0.006367043    0.008765026    0.003638428   -0.008435643   -0.011612298
    -0.005668302    0.034546515   -0.015754883   -0.021693245   -0.072654258
     0.223611639   -0.037408335    0.062216323    0.085646896   -0.054768863
     0.168526428    0.004449778    0.027135390    0.037348329   -0.090075571
     0.277212771   -0.047695871   -0.002046723   -0.002817892   -0.015369076
     0.047297073   -0.039066654    0.012694612   -0.045973704   -0.165352069
     0.002866398    0.003945343   -0.007348488   -0.013114922   -0.266333216
    -0.003511828   -0.006324972    0.004934444   -0.013129891   -0.266310481
    -0.004928406   -0.005294141    0.004933859    0.076428993    0.379305748
    -0.016374281    0.003666918    0.002323629    0.076390908    0.379337697
     0.008542280   -0.014438170    0.002321643    1.172524280   -2.250207838
     0.144817688    0.199324205    0.080886624
     0.000000004   -0.000000088    0.000000008   -0.000000001    0.012939865
    -0.009401339    0.000000004   -0.421410197    0.306172337   -0.000000012
     0.017732374   -0.012883312    0.000000003   -0.003186642    0.002315239
     0.000000005   -0.000000039    0.167556776   -0.121737181    0.253248372
     0.082285589   -0.000000027    0.011550012   -0.008391481    0.015031851
     0.004884142   -0.000000034    0.135411647   -0.098382337    0.199187255
     0.064720015   -0.000000001    0.009427225   -0.006849255   -0.104561969
    -0.033974289   -0.023558831   -0.072506718    0.000000037    0.000000030
    -0.012090309    0.008784127   -0.000000006   -0.013331409    0.036838205
     0.008361047    0.004802499    0.014531498    0.013331386   -0.036838323
    -0.001983702   -0.009436068   -0.014531662    0.187926505    0.197798668
    -0.020125858    0.029567726    0.019903406   -0.187926375   -0.197798390
    -0.034339734    0.010004181   -0.019903155    0.000000003   -0.000000140
     0.892464375   -0.648413254   -0.000000409
    -0.158904895    1.000184572    0.301183019    0.156536888   -0.077113349
    -0.106139758   -0.056948644   -0.794299045   -1.093265256   -0.621575227
     0.005490508    0.007556443    0.004083458   -0.004661915   -0.006417634
    -0.000836524   -0.134949451    0.266014931    0.366144908   -0.121692956
     0.374523469    0.024884818   -0.041745032   -0.057464776    0.027116400
    -0.083437186   -0.093776081    0.184681254    0.254194975   -0.078978610
     0.243072177    0.142334230   -0.000629264   -0.000865992    0.062171242
    -0.191339124    0.146689405   -0.047663375    0.021218374    0.105970821
    -0.013276281   -0.018273266    0.006596602    0.044540834    0.068367856
     0.000709603    0.001984408   -0.019928059    0.044550149    0.068358587
     0.001664368    0.001286991   -0.019926856   -0.119817651    0.125992986
     0.031264872    0.021164722    0.014413042   -0.119803560    0.125995635
     0.010472928    0.036273095    0.014414761   -0.138796582   -1.995542003
    -0.767567267   -1.056465491   -0.338582359
    -0.040142320    0.228894391    0.072767078    0.044051087   -0.013089906
    -0.018014499   -0.024665452   -0.089311966   -0.122925031   -0.088705450
    -0.001691638   -0.002327659   -0.002232865    0.002252373    0.003101407
    -0.004252851   -0.203316964   -0.058083917   -0.079951428   -0.059944374
     0.184496016   -0.004459667   -0.018379853   -0.025289727    0.004877170
    -0.015018901   -0.156885533   -0.053425060   -0.073535693   -0.042832102
     0.131825444    0.011704065    0.066320247    0.091281882    0.005521518
    -0.016993885    0.080429009   -0.026132907    0.067671453    0.094142196
     0.008918742    0.012276168   -0.017473007   -0.065174480   -0.100938405
    -0.015335558    0.016785432   -0.013101730   -0.065176590   -0.100938358
     0.020702732   -0.009397544   -0.013101426    0.012401269    0.060095092
    -0.000872277    0.021266056   -0.013842620    0.012394131    0.060087013
     0.020494426    0.005742456   -0.013842419   -0.031670173   -0.363303876
     0.103696154    0.142726260   -1.083536967
     2.000000000    2.000000000    2.000000000    2.000000000    2.000000000
     2.000000000    2.000000000    2.000000000    2.000000000    2.000000000
     0.000000000    0.000000000    0.000000000    0.000000000    0.000000000
     0.000000000    0.000000000    0.000000000    0.000000000    0.000000000
     0.000000000    0.000000000    0.000000000    0.000000000    0.000000000
     0.000000000    0.000000000    0.000000000    0.000000000    0.000000000
     0.000000000    0.000000000    0.000000000    0.000000000    0.000000000
     0.000000000    0.000000000    0.000000000    0.000000000    0.000000000
     0.000000000    0.000000000    0.000000000    0.000000000    0.000000000
     0.000000000    0.000000000    0.000000000    0.000000000    0.000000000
     0.000000000    0.000000000    0.000000000    0.000000000    0.000000000
     0.000000000    0.000000000    0.000000000    0.000000000    0.000000000
     0.000000000    0.000000000    0.000000000    0.000000000    0.000000000
     0.000000000    0.000000000    0.000000000
   1  1  1  1  1  1  1  1  1  1  1  1  1  1  1  1  1  1  1  1
   1  1  1  1  1  1  1  1  1  1  1  1  1  1  1  1  1  1  1  1
   1  1  1  1  1  1  1  1  1  1  1  1  1  1  1  1  1  1  1  1
   1  1  1  1  1  1  1  1
   1  1  1  1  2  2  2  2  2  2 22 22 22 22 22 22 21 21 21 21
  21 21 21 21 21 21 21 21 21 21 21 21 21 21 21 21 21 21 21 21
  21 21 21 21 21 21 21 21 21 21 21 21 21 21 21 21 21 21 21 21
  21 21 21 21 21 21 21 21
 CR CR CR CR BD BD BD BD BD BD BD BD BD BD BD BD RY RY RY RY 
 RY RY RY RY RY RY RY RY RY RY RY RY RY RY RY RY RY RY RY RY 
 RY RY RY RY RY RY RY RY RY RY RY RY RY RY RY RY RY RY RY RY 
 RY RY RY RY RY RY RY RY 
                               *  *  *  *  *  *              
                                                             
                                                             
                         
   1  2  3  4  1  1  1  1  1  1  1  1  1  1  1  1  1  2  3  4
   5  6  7  8  9 10 11 12 13 14 15 16 17 18 19 20 21 22 23 24
  25 26 27 28  1  2  3  4  1  2  3  4  1  2  3  4  1  2  3  4
   1  2  3  4  1  2  3  4
   1  1  1  1  1  1  1  1  1  1  1  1  1  1  1  1  1  1  1  1
   1  1  1  1  1  1  1  1  1  1  1  1  1  1  1  1  1  1  1  1
   1  1  1  1  2  2  2  2  3  3  3  3  4  4  4  4  5  5  5  5
   6  6  6  6  7  7  7  7
   0  0  0  0  2  3  4  5  6  7  2  3  4  5  6  7  0  0  0  0
   0  0  0  0  0  0  0  0  0  0  0  0  0  0  0  0  0  0  0  0
   0  0  0  0  0  0  0  0  0  0  0  0  0  0  0  0  0  0  0  0
   0  0  0  0  0  0  0  0
   0  0  0  0  0  0  0  0  0  0  0  0  0  0  0  0  0  0  0  0
   0  0  0  0  0  0  0  0  0  0  0  0  0  0  0  0  0  0  0  0
   0  0  0  0  0  0  0  0  0  0  0  0  0  0  0  0  0  0  0  0
   0  0  0  0  0  0  0  0
   0  0  0  0  0  0  0  0  0  0  0  0  0  0  0  0  0  0  0  0
   0  0  0  0  0  0  0  0  0  0  0  0  0  0  0  0  0  0  0  0
   0  0  0  0  0  0  0  0  0  0  0  0  0  0  0  0  0  0  0  0
   0  0  0  0  0  0  0  0
   0  0  0  0  0  0  0  0  0  0  0  0  0  0  0  0  0  0  0  0
   0  0  0  0  0  0  0  0  0  0  0  0  0  0  0  0  0  0  0  0
   0  0  0  0  0  0  0  0  0  0  0  0  0  0  0  0  0  0  0  0
   0  0  0  0  0  0  0  0
   0  0  0  0  0  0  0  0  0  0  0  0  0  0  0  0  0  0  0  0
   0  0  0  0  0  0  0  0  0  0  0  0  0  0  0  0  0  0  0  0
   0  0  0  0  0  0  0  0  0  0  0  0  0  0  0  0  0  0  0  0
   0  0  0  0  0  0  0  0
   0  0  0  0  0  0  0  0  0  0  0  0  0  0  0  0  0  0  0  0
   0  0  0  0  0  0  0  0  0  0  0  0  0  0  0  0  0  0  0  0
   0  0  0  0  0  0  0  0  0  0  0  0  0  0  0  0  0  0  0  0
   0  0  0  0  0  0  0  0
   0  0  0  0  0  0  0  0  0  0  0  0  0  0  0  0  0  0  0  0
   0  0  0  0  0  0  0  0  0  0  0  0  0  0  0  0  0  0  0  0
   0  0  0  0  0  0  0  0  0  0  0  0  0  0  0  0  0  0  0  0
   0  0  0  0  0  0  0  0
   0  0  0  0  0  0  0  0  0  0  0  0  0  0  0  0  0  0  0  0
   0  0  0  0  0  0  0  0  0  0  0  0  0  0  0  0  0  0  0  0
   0  0  0  0  0  0  0  0  0  0  0  0  0  0  0  0  0  0  0  0
   0  0  0  0  0  0  0  0
  74  1  1  1  1  1  1
