 WH6...b3lyp/vdz
 MOs in the AO basis:
 -------------------------------------------------------------------------------
     0.362679732   -0.014521610    0.654548490   -0.002967956    0.000000000
     0.000000000    0.000771637    0.000000000    0.000000000    0.008531721
     0.000000000    0.000000000    0.001069279    0.000000000    0.000000000
     0.004104429   -0.000130156    0.000000000    0.000000000    0.000000000
     0.000000000   -0.005930568    0.000000000    0.000000000    0.000000000
     0.000000000    0.004364498    0.000000000    0.000000000    0.000000000
     0.000000000   -0.002844328    0.000000000    0.000000000    0.000000000
     0.000000000    0.000000000    0.000000000    0.002730902   -0.003956196
     0.000000000    0.000000000   -0.001614314    0.003780213    0.005765922
     0.000000000   -0.002382805    0.001039506    0.003780213    0.005765922
    -0.002266182   -0.000736327    0.001039506    0.003780213    0.005765922
    -0.001400578    0.001927730    0.001039506    0.003780213    0.005765922
     0.002266182   -0.000736327    0.001039506    0.003780213    0.005765922
     0.001400578    0.001927730    0.001039506
     0.002993816    0.006276253   -0.002169873   -0.005077055    0.000000000
     0.000000000    0.877263466    0.000000000    0.000000000    0.032399349
     0.000000000    0.000000000    0.233707506    0.000000000    0.000000000
     0.001787876    0.000956111    0.000000000    0.000000000    0.000000000
     0.000000000    0.000481726    0.000000000    0.000000000    0.000000000
     0.000000000    0.005223692    0.000000000    0.000000000    0.000000000
     0.000000000    0.004681401    0.000000000    0.000000000    0.000000000
     0.000000000    0.000000000    0.000000000    0.018755278   -0.011982182
     0.000000000    0.000000000   -0.004673384   -0.009826859    0.003666712
     0.000000000    0.003118926   -0.000395962   -0.009826859    0.003666712
     0.002966275    0.000963801   -0.000395962   -0.009826859    0.003666712
     0.001833259   -0.002523264   -0.000395962   -0.009826859    0.003666712
    -0.002966275    0.000963801   -0.000395962   -0.009826859    0.003666712
    -0.001833259   -0.002523264   -0.000395962
     0.000000000    0.000000000    0.000000000    0.000000000    0.875170830
     0.000000000    0.000000000    0.033889974    0.000000000    0.000000000
     0.233913419    0.000000000    0.000000000    0.003054167    0.000000000
     0.000000000    0.000000000    0.004506478    0.000000000    0.000000000
     0.000000000    0.000000000   -0.002507586    0.000000000    0.000000000
     0.000000000    0.000000000   -0.006265615    0.000000000    0.000000000
     0.000000000    0.000000000    0.002844470    0.000000000    0.000000000
     0.000000000    0.000000000    0.000000000    0.000000000    0.000000000
     0.000383723    0.000000000    0.000000000    0.000000000    0.000000000
     0.001428971    0.000000000    0.000000000    0.020240962   -0.010072387
    -0.004434876   -0.001905279    0.002709798    0.012509603   -0.006225077
    -0.000810819    0.003082807    0.001674747   -0.020240962    0.010072387
    -0.004434876    0.001905279   -0.002709798   -0.012509603    0.006225077
    -0.000810819   -0.003082807   -0.001674747
     0.000000000    0.000000000    0.000000000    0.000000000    0.000000000
     0.875170830    0.000000000    0.000000000    0.033889974    0.000000000
     0.000000000    0.233913419    0.000000000    0.000000000    0.003054167
     0.000000000    0.000000000    0.000000000    0.004506478    0.000000000
     0.000000000    0.000000000    0.000000000   -0.002507586    0.000000000
     0.000000000    0.000000000    0.000000000   -0.006265615    0.000000000
     0.000000000    0.000000000    0.000000000    0.002844470    0.000000000
     0.000000000    0.000000000    0.000000000    0.000000000    0.000000000
     0.000000000    0.000383723    0.000000000    0.021282607   -0.010590734
     0.000000000   -0.005053939    0.002849250    0.006576687   -0.003272717
    -0.001905279    0.000809908    0.000880467   -0.017217991    0.008568084
     0.003082807   -0.002814149   -0.002305092    0.006576687   -0.003272717
     0.001905279    0.000809908    0.000880467   -0.017217991    0.008568084
    -0.003082807   -0.002814149   -0.002305092
    -0.076222931    0.422439855   -0.201801780    0.089303461    0.000000000
     0.000000000    0.058046564    0.000000000    0.000000000   -0.046659806
     0.000000000    0.000000000    0.015932300    0.000000000    0.000000000
    -0.036073871   -0.010657393    0.000000000    0.000000000    0.000000000
     0.000000000    0.031739054    0.000000000    0.000000000    0.000000000
     0.000000000   -0.029950399    0.000000000    0.000000000    0.000000000
     0.000000000    0.017703069    0.000000000    0.000000000    0.000000000
     0.000000000    0.000000000    0.000000000    0.135104432    0.082436170
     0.000000000    0.000000000   -0.008262701    0.181028160    0.034685042
     0.000000000   -0.009102507    0.003230129    0.181028160    0.034685042
    -0.008656999   -0.002812829    0.003230129    0.181028160    0.034685042
    -0.005350319    0.007364083    0.003230129    0.181028160    0.034685042
     0.008656999   -0.002812829    0.003230129    0.181028160    0.034685042
     0.005350319    0.007364083    0.003230129
    -0.010404672    0.069506736   -0.030982697   -0.014845438    0.000000000
     0.000000000   -0.176771250    0.000000000    0.000000000    0.143493664
     0.000000000    0.000000000   -0.039618617    0.000000000    0.000000000
     0.057194511    0.185339013    0.000000000    0.000000000    0.000000000
     0.000000000   -0.339986113    0.000000000    0.000000000    0.000000000
     0.000000000    0.074775382    0.000000000    0.000000000    0.000000000
     0.000000000    0.014432161    0.000000000    0.000000000    0.000000000
     0.000000000    0.000000000    0.000000000    0.424337035    0.192086049
     0.000000000    0.000000000   -0.024649375   -0.071201215   -0.014856052
     0.000000000    0.002679006   -0.003996245   -0.071201215   -0.014856052
     0.002547886    0.000827858   -0.003996245   -0.071201215   -0.014856052
     0.001574680   -0.002167361   -0.003996245   -0.071201215   -0.014856052
    -0.002547886    0.000827858   -0.003996245   -0.071201215   -0.014856052
    -0.001574680   -0.002167361   -0.003996245
     0.000000000    0.000000000    0.000000000    0.000000000   -0.199751645
     0.000000000    0.000000000    0.154730610    0.000000000    0.000000000
    -0.050950570    0.000000000    0.000000000    0.080574575    0.000000000
     0.000000000    0.000000000   -0.181924509    0.000000000    0.000000000
     0.000000000    0.000000000    0.342219297    0.000000000    0.000000000
     0.000000000    0.000000000   -0.083230151    0.000000000    0.000000000
     0.000000000    0.000000000   -0.004186759    0.000000000    0.000000000
     0.000000000    0.000000000    0.000000000    0.000000000    0.000000000
    -0.005953456    0.000000000    0.000000000    0.000000000    0.000000000
     0.010485010    0.000000000    0.000000000    0.270922042    0.091548110
    -0.011936541   -0.007285204    0.002283453    0.167439030    0.056579844
     0.001920739    0.011787707    0.001411251   -0.270922042   -0.091548110
    -0.011936541    0.007285204   -0.002283453   -0.167439030   -0.056579844
     0.001920739   -0.011787707   -0.001411251
     0.000000000    0.000000000    0.000000000    0.000000000    0.000000000
    -0.199751645    0.000000000    0.000000000    0.154730610    0.000000000
     0.000000000   -0.050950570    0.000000000    0.000000000    0.080574575
     0.000000000    0.000000000    0.000000000   -0.181924509    0.000000000
     0.000000000    0.000000000    0.000000000    0.342219297    0.000000000
     0.000000000    0.000000000    0.000000000   -0.083230151    0.000000000
     0.000000000    0.000000000    0.000000000   -0.004186759    0.000000000
     0.000000000    0.000000000    0.000000000    0.000000000    0.000000000
     0.000000000   -0.005953456    0.000000000    0.284864293    0.096259379
     0.000000000   -0.014303648    0.002400964    0.088027907    0.029745784
    -0.007285204    0.008117904    0.000741939   -0.230460054   -0.077875474
     0.011787707   -0.005739377   -0.001942421    0.088027907    0.029745784
     0.007285204    0.008117904    0.000741939   -0.230460054   -0.077875474
    -0.011787707   -0.005739377   -0.001942421
     0.000000000    0.000000000    0.000000000    0.000000000    0.000000000
     0.000000000    0.000000000    0.000000000    0.000000000    0.000000000
     0.000000000    0.000000000    0.000000000    0.000000000    0.000000000
     0.000000000    0.000000000    0.000000000    0.000000000    0.000000000
    -0.252912174    0.000000000    0.000000000    0.000000000    0.000000000
     0.463867616    0.000000000    0.000000000    0.000000000    0.000000000
    -0.085394205    0.000000000    0.000000000    0.000000000    0.000000000
     0.016613787   -0.014624081    0.000000000    0.000000000    0.000000000
     0.000000000    0.000000000    0.000000000    0.000000000    0.000000000
    -0.014420592    0.000000000    0.000000000   -0.153078563   -0.088189208
     0.009557672   -0.009161412   -0.006520880    0.247686317    0.142693136
    -0.002347376    0.010812240    0.010551006    0.153078563    0.088189208
     0.009557672    0.009161412    0.006520880   -0.247686317   -0.142693136
    -0.002347376   -0.010812240   -0.010551006
     0.000000000    0.000000000    0.000000000    0.000000000    0.000000000
     0.000000000    0.000000000    0.000000000    0.000000000    0.000000000
     0.000000000    0.000000000    0.000000000    0.000000000    0.000000000
     0.000000000    0.000000000    0.000000000    0.000000000   -0.252912174
     0.000000000    0.000000000    0.000000000    0.000000000    0.463867616
     0.000000000    0.000000000    0.000000000    0.000000000   -0.085394205
     0.000000000    0.000000000    0.000000000    0.000000000    0.016613787
     0.000000000    0.000000000   -0.014624081    0.000000000    0.000000000
     0.000000000    0.000000000    0.000000000    0.260432806    0.150036443
     0.000000000   -0.010648199    0.011093984   -0.210694566   -0.121382032
     0.005573653    0.010723406   -0.008975222    0.080478163    0.046363811
    -0.013029597   -0.005399306    0.003428230   -0.210694566   -0.121382032
    -0.005573653    0.010723406   -0.008975222    0.080478163    0.046363811
     0.013029597   -0.005399306    0.003428230
     0.000000000    0.000000000    0.000000000    0.000000000    0.185063312
     0.000000000    0.000000000   -0.205861250    0.000000000    0.000000000
     0.053953180    0.000000000    0.000000000   -0.357644054    0.000000000
     0.000000000    0.000000000   -0.293981148    0.000000000    0.000000000
     0.000000000    0.000000000    0.472855108    0.000000000    0.000000000
     0.000000000    0.000000000   -0.154368471    0.000000000    0.000000000
     0.000000000    0.000000000   -0.003675124    0.000000000    0.000000000
     0.000000000    0.000000000    0.000000000    0.000000000    0.000000000
    -0.023614576    0.000000000    0.000000000    0.000000000    0.000000000
    -0.001704043    0.000000000    0.000000000   -0.084712097   -0.093017445
    -0.009899454   -0.002662851   -0.007690037   -0.052354955   -0.057487943
    -0.004834411    0.004308583   -0.004752704    0.084712097    0.093017445
    -0.009899454    0.002662851    0.007690037    0.052354955    0.057487943
    -0.004834411   -0.004308583    0.004752704
     0.000000000    0.000000000    0.000000000    0.000000000    0.000000000
     0.185063312    0.000000000    0.000000000   -0.205861250    0.000000000
     0.000000000    0.053953180    0.000000000    0.000000000   -0.357644054
     0.000000000    0.000000000    0.000000000   -0.293981148    0.000000000
     0.000000000    0.000000000    0.000000000    0.472855108    0.000000000
     0.000000000    0.000000000    0.000000000   -0.154368471    0.000000000
     0.000000000    0.000000000    0.000000000   -0.003675124    0.000000000
     0.000000000    0.000000000    0.000000000    0.000000000    0.000000000
     0.000000000   -0.023614576    0.000000000   -0.089071570   -0.097804330
     0.000000000   -0.010764667   -0.008085783   -0.027524629   -0.030223200
    -0.002662851   -0.002569255   -0.002498645    0.072060414    0.079125365
     0.004308583   -0.007634298    0.006541536   -0.027524629   -0.030223200
     0.002662851   -0.002569255   -0.002498645    0.072060414    0.079125365
    -0.004308583   -0.007634298    0.006541536
    -0.019831015    0.035857916   -0.007949050    0.092491733    0.000000000
     0.000000000   -0.179901636    0.000000000    0.000000000    0.203794895
     0.000000000    0.000000000   -0.054764708    0.000000000    0.000000000
     0.381847574   -0.285028308    0.000000000    0.000000000    0.000000000
     0.000000000    0.467462338    0.000000000    0.000000000    0.000000000
     0.000000000   -0.127725116    0.000000000    0.000000000    0.000000000
     0.000000000   -0.002637936    0.000000000    0.000000000    0.000000000
     0.000000000    0.000000000    0.000000000    0.109753324    0.157421153
     0.000000000    0.000000000    0.010592875   -0.033294790   -0.035734024
     0.000000000    0.003676073    0.015309441   -0.033294790   -0.035734024
     0.003496153    0.001135969    0.015309441   -0.033294790   -0.035734024
     0.002160742   -0.002974006    0.015309441   -0.033294790   -0.035734024
    -0.003496153    0.001135969    0.015309441   -0.033294790   -0.035734024
    -0.002160742   -0.002974006    0.015309441
    -0.281447752   -0.245891537    0.184966171    2.967215017    0.000000000
     0.000000000   -0.064511881    0.000000000    0.000000000   -0.146634667
     0.000000000    0.000000000   -0.019378302    0.000000000    0.000000000
    -0.644743634    0.033449113    0.000000000    0.000000000    0.000000000
     0.000000000   -0.071225981    0.000000000    0.000000000    0.000000000
     0.000000000   -0.374929461    0.000000000    0.000000000    0.000000000
     0.000000000   -0.011560811    0.000000000    0.000000000    0.000000000
     0.000000000    0.000000000    0.000000000   -0.105014915   -0.223439960
     0.000000000    0.000000000    0.009192893   -0.067434290   -0.667921602
     0.000000000    0.024247883   -0.009548344   -0.067434290   -0.667921602
     0.023061107    0.007493008   -0.009548344   -0.067434290   -0.667921602
     0.014252548   -0.019616949   -0.009548344   -0.067434290   -0.667921602
    -0.023061107    0.007493008   -0.009548344   -0.067434290   -0.667921602
    -0.014252548   -0.019616949   -0.009548344
     0.000000000    0.000000000    0.000000000    0.000000000    0.000000000
     0.000000000    0.000000000    0.000000000    0.000000000    0.000000000
     0.000000000    0.000000000    0.000000000    0.000000000    0.000000000
     0.000000000    0.000000000    0.000000000    0.000000000    0.000000000
     0.430827170    0.000000000    0.000000000    0.000000000    0.000000000
    -0.523850887    0.000000000    0.000000000    0.000000000    0.000000000
     0.183126453    0.000000000    0.000000000    0.000000000    0.000000000
     0.036828301   -0.032800439    0.000000000    0.000000000    0.000000000
     0.000000000    0.000000000    0.000000000    0.000000000    0.000000000
     0.008120447    0.000000000    0.000000000   -0.146266354   -0.558667113
    -0.003370065    0.005812664    0.001778582    0.236663932    0.903942378
    -0.000690158   -0.003319250   -0.002877806    0.146266354    0.558667113
    -0.003370065   -0.005812664   -0.001778582   -0.236663932   -0.903942378
    -0.000690158    0.003319250    0.002877806
     0.000000000    0.000000000    0.000000000    0.000000000    0.000000000
     0.000000000    0.000000000    0.000000000    0.000000000    0.000000000
     0.000000000    0.000000000    0.000000000    0.000000000    0.000000000
     0.000000000    0.000000000    0.000000000    0.000000000    0.430827170
     0.000000000    0.000000000    0.000000000    0.000000000   -0.523850887
     0.000000000    0.000000000    0.000000000    0.000000000    0.183126453
     0.000000000    0.000000000    0.000000000    0.000000000    0.036828301
     0.000000000    0.000000000   -0.032800439    0.000000000    0.000000000
     0.000000000    0.000000000    0.000000000    0.248843184    0.950461263
     0.000000000    0.002396981   -0.003025904   -0.201318365   -0.768939314
    -0.000369325   -0.005138713    0.002448008    0.076896773    0.293708683
     0.006683418    0.003940222   -0.000935056   -0.201318365   -0.768939314
     0.000369325   -0.005138713    0.002448008    0.076896773    0.293708683
    -0.006683418    0.003940222   -0.000935056
    -0.041923078    0.059232694   -0.010790622    0.219981627    0.000000000
     0.000000000    0.120294349    0.000000000    0.000000000   -0.122819984
     0.000000000    0.000000000    0.045241667    0.000000000    0.000000000
     1.860859041    0.203656640    0.000000000    0.000000000    0.000000000
     0.000000000   -0.270560720    0.000000000    0.000000000    0.000000000
     0.000000000    0.588252401    0.000000000    0.000000000    0.000000000
     0.000000000   -0.018581930    0.000000000    0.000000000    0.000000000
     0.000000000    0.000000000    0.000000000   -0.212950919   -1.562721199
     0.000000000    0.000000000    0.013310019    0.005441933    0.264007540
     0.000000000   -0.004720020    0.000217792    0.005441933    0.264007540
    -0.004489006   -0.001458566    0.000217792    0.005441933    0.264007540
    -0.002774358    0.003818576    0.000217792    0.005441933    0.264007540
     0.004489006   -0.001458566    0.000217792    0.005441933    0.264007540
     0.002774358    0.003818576    0.000217792
     0.000000000    0.000000000    0.000000000    0.000000000    0.000000000
     0.160815165    0.000000000    0.000000000   -0.134466970    0.000000000
     0.000000000    0.059406570    0.000000000    0.000000000    2.019332781
     0.000000000    0.000000000    0.000000000   -0.155870783    0.000000000
     0.000000000    0.000000000    0.000000000    0.186830273    0.000000000
     0.000000000    0.000000000    0.000000000   -0.627699049    0.000000000
     0.000000000    0.000000000    0.000000000    0.000811796    0.000000000
     0.000000000    0.000000000    0.000000000    0.000000000    0.000000000
     0.000000000   -0.003945386    0.000000000   -0.104407827   -1.045496627
     0.000000000    0.013226780   -0.009267331   -0.032263793   -0.323076225
     0.004486392   -0.000580914   -0.002863763    0.084467706    0.845824539
    -0.007259134    0.007952710    0.007497428   -0.032263793   -0.323076225
    -0.004486392   -0.000580914   -0.002863763    0.084467706    0.845824539
     0.007259134    0.007952710    0.007497428
     0.000000000    0.000000000    0.000000000    0.000000000    0.160815165
     0.000000000    0.000000000   -0.134466970    0.000000000    0.000000000
     0.059406570    0.000000000    0.000000000    2.019332781    0.000000000
     0.000000000    0.000000000   -0.155870783    0.000000000    0.000000000
     0.000000000    0.000000000    0.186830273    0.000000000    0.000000000
     0.000000000    0.000000000   -0.627699049    0.000000000    0.000000000
     0.000000000    0.000000000    0.000811796    0.000000000    0.000000000
     0.000000000    0.000000000    0.000000000    0.000000000    0.000000000
    -0.003945386    0.000000000    0.000000000    0.000000000    0.000000000
    -0.002038631    0.000000000    0.000000000   -0.099297744   -0.994326380
     0.011769063    0.004486392   -0.008813755   -0.061369381   -0.614527499
     0.003235439   -0.007259134   -0.005447200    0.099297744    0.994326380
     0.011769063   -0.004486392    0.008813755    0.061369381    0.614527499
     0.003235439    0.007259134    0.005447200
    -0.139818624   -0.183858696    0.106480560    0.569330597    0.000000000
     0.000000000    0.093085695    0.000000000    0.000000000   -0.222479917
     0.000000000    0.000000000    0.019379006    0.000000000    0.000000000
     0.393301540   -0.336153919    0.000000000    0.000000000    0.000000000
     0.000000000    0.312061304    0.000000000    0.000000000    0.000000000
     0.000000000    1.235607258    0.000000000    0.000000000    0.000000000
     0.000000000   -0.001048767    0.000000000    0.000000000    0.000000000
     0.000000000    0.000000000    0.000000000    0.016355321   -0.506847251
     0.000000000    0.000000000    0.024894593   -0.012575482    0.003858600
     0.000000000    0.001748975   -0.009097536   -0.012575482    0.003858600
     0.001663374    0.000540463   -0.009097536   -0.012575482    0.003858600
     0.001028022   -0.001414950   -0.009097536   -0.012575482    0.003858600
    -0.001663374    0.000540463   -0.009097536   -0.012575482    0.003858600
    -0.001028022   -0.001414950   -0.009097536
     0.000000000    0.000000000    0.000000000    0.000000000    0.000000000
    -0.058851261    0.000000000    0.000000000    0.005303839    0.000000000
     0.000000000   -0.013316003    0.000000000    0.000000000   -0.242939840
     0.000000000    0.000000000    0.000000000   -0.358114747    0.000000000
     0.000000000    0.000000000    0.000000000    0.360230870    0.000000000
     0.000000000    0.000000000    0.000000000    1.239105831    0.000000000
     0.000000000    0.000000000    0.000000000   -0.001926888    0.000000000
     0.000000000    0.000000000    0.000000000    0.000000000    0.000000000
     0.000000000    0.010989143    0.000000000   -0.028075228    0.255954053
     0.000000000   -0.007440323    0.007593652   -0.008675723    0.079094152
    -0.002864166    0.001374675    0.002346568    0.022713337   -0.207071179
     0.004634319   -0.004073293   -0.006143394   -0.008675723    0.079094152
     0.002864166    0.001374675    0.002346568    0.022713337   -0.207071179
    -0.004634319   -0.004073293   -0.006143394
     0.000000000    0.000000000    0.000000000    0.000000000   -0.058851261
     0.000000000    0.000000000    0.005303839    0.000000000    0.000000000
    -0.013316003    0.000000000    0.000000000   -0.242939840    0.000000000
     0.000000000    0.000000000   -0.358114747    0.000000000    0.000000000
     0.000000000    0.000000000    0.360230870    0.000000000    0.000000000
     0.000000000    0.000000000    1.239105831    0.000000000    0.000000000
     0.000000000    0.000000000   -0.001926888    0.000000000    0.000000000
     0.000000000    0.000000000    0.000000000    0.000000000    0.000000000
     0.010989143    0.000000000    0.000000000    0.000000000    0.000000000
     0.002305299    0.000000000    0.000000000   -0.026701129    0.243426770
    -0.006509699   -0.002864166    0.007221993   -0.016502205    0.150446018
    -0.001061730    0.004634319    0.004463437    0.026701129   -0.243426770
    -0.006509699    0.002864166   -0.007221993    0.016502205   -0.150446018
    -0.001061730   -0.004634319   -0.004463437
     0.000000000    0.000000000    0.000000000    0.000000000    0.000000000
     0.000000000    0.000000000    0.000000000    0.000000000    0.000000000
     0.000000000    0.000000000    0.000000000    0.000000000    0.000000000
     0.000000000    0.000000000    0.000000000    0.000000000    0.000000000
    -0.201010382    0.000000000    0.000000000    0.000000000    0.000000000
     0.133999548    0.000000000    0.000000000    0.000000000    0.000000000
     1.635876423    0.000000000    0.000000000    0.000000000    0.000000000
     0.032122221   -0.034835246    0.000000000    0.000000000    0.000000000
     0.000000000    0.000000000    0.000000000    0.000000000    0.000000000
     0.010420771    0.000000000    0.000000000   -0.069574741   -0.566429265
    -0.000222517    0.008792137    0.000719659    0.112574296    0.916501802
    -0.004987868    0.001386688   -0.001164432    0.069574741    0.566429265
    -0.000222517   -0.008792137   -0.000719659   -0.112574296   -0.916501802
    -0.004987868   -0.001386688    0.001164432
     0.000000000    0.000000000    0.000000000    0.000000000    0.000000000
     0.000000000    0.000000000    0.000000000    0.000000000    0.000000000
     0.000000000    0.000000000    0.000000000    0.000000000    0.000000000
     0.000000000    0.000000000    0.000000000    0.000000000   -0.201010382
     0.000000000    0.000000000    0.000000000    0.000000000    0.133999548
     0.000000000    0.000000000    0.000000000    0.000000000    1.635876423
     0.000000000    0.000000000    0.000000000    0.000000000    0.032122221
     0.000000000    0.000000000   -0.034835246    0.000000000    0.000000000
     0.000000000    0.000000000    0.000000000    0.118367620    0.963667024
     0.000000000   -0.004262259   -0.001224357   -0.095761416   -0.779622999
     0.005172255   -0.004759823    0.000990525    0.036577606    0.297789487
     0.007243780    0.006890953   -0.000378347   -0.095761416   -0.779622999
    -0.005172255   -0.004759823    0.000990525    0.036577606    0.297789487
    -0.007243780    0.006890953   -0.000378347
    -0.669878620   -1.207702166    0.591293187   -0.218773919    0.000000000
     0.000000000    0.085113481    0.000000000    0.000000000   -0.979900046
     0.000000000    0.000000000    0.019365046    0.000000000    0.000000000
    -0.020339800   -0.021103504    0.000000000    0.000000000    0.000000000
     0.000000000   -0.007858360    0.000000000    0.000000000    0.000000000
     0.000000000   -0.724149018    0.000000000    0.000000000    0.000000000
     0.000000000    0.113711252    0.000000000    0.000000000    0.000000000
     0.000000000    0.000000000    0.000000000    0.217839176    1.538382032
     0.000000000    0.000000000    0.050062858    0.081743796    0.112409067
     0.000000000    0.048049534   -0.026128050    0.081743796    0.112409067
     0.045697823    0.014848123   -0.026128050    0.081743796    0.112409067
     0.028242808   -0.038872890   -0.026128050    0.081743796    0.112409067
    -0.045697823    0.014848123   -0.026128050    0.081743796    0.112409067
    -0.028242808   -0.038872890   -0.026128050
    -0.745561523   -0.781149366    0.466532481   -1.906929709    0.000000000
     0.000000000   -0.134577718    0.000000000    0.000000000    2.127787554
     0.000000000    0.000000000    0.090588341    0.000000000    0.000000000
     1.257906409   -0.065107637    0.000000000    0.000000000    0.000000000
     0.000000000   -0.130835203    0.000000000    0.000000000    0.000000000
     0.000000000    1.559895035    0.000000000    0.000000000    0.000000000
     0.000000000   -0.018898013    0.000000000    0.000000000    0.000000000
     0.000000000    0.000000000    0.000000000   -0.186240737   -1.973814457
     0.000000000    0.000000000   -0.009016998   -0.109759077    1.411873006
     0.000000000    0.067364464   -0.016247775   -0.109759077    1.411873006
     0.064067412    0.020816764   -0.016247775   -0.109759077    1.411873006
     0.039595838   -0.054498996   -0.016247775   -0.109759077    1.411873006
    -0.064067412    0.020816764   -0.016247775   -0.109759077    1.411873006
    -0.039595838   -0.054498996   -0.016247775
     0.000000000    0.000000000    0.000000000    0.000000000   -0.135400186
     0.000000000    0.000000000    2.672132724    0.000000000    0.000000000
     0.128705480    0.000000000    0.000000000    1.588745767    0.000000000
     0.000000000    0.000000000    0.009471125    0.000000000    0.000000000
     0.000000000    0.000000000    0.097208871    0.000000000    0.000000000
     0.000000000    0.000000000   -1.740146479    0.000000000    0.000000000
     0.000000000    0.000000000    0.036471368    0.000000000    0.000000000
     0.000000000    0.000000000    0.000000000    0.000000000    0.000000000
     0.032625278    0.000000000    0.000000000    0.000000000    0.000000000
     0.025471567    0.000000000    0.000000000    0.063878466   -2.633742130
    -0.041160292   -0.021650003    0.007976470    0.039479063   -1.627742154
     0.000020461    0.035030441    0.004929730   -0.063878466    2.633742130
    -0.041160292    0.021650003   -0.007976470   -0.039479063    1.627742154
     0.000020461   -0.035030441   -0.004929730
     0.000000000    0.000000000    0.000000000    0.000000000    0.000000000
     0.135400186    0.000000000    0.000000000   -2.672132724    0.000000000
     0.000000000   -0.128705480    0.000000000    0.000000000   -1.588745767
     0.000000000    0.000000000    0.000000000   -0.009471125    0.000000000
     0.000000000    0.000000000    0.000000000   -0.097208871    0.000000000
     0.000000000    0.000000000    0.000000000    1.740146479    0.000000000
     0.000000000    0.000000000    0.000000000   -0.036471368    0.000000000
     0.000000000    0.000000000    0.000000000    0.000000000    0.000000000
     0.000000000   -0.032625278    0.000000000   -0.067165794    2.769280358
     0.000000000    0.048194805   -0.008386957   -0.020755372    0.855754693
     0.021650003   -0.018437054   -0.002591712    0.054338269   -2.240394872
    -0.035030441    0.022743700    0.006785191   -0.020755372    0.855754693
    -0.021650003   -0.018437054   -0.002591712    0.054338269   -2.240394872
     0.035030441    0.022743700    0.006785191
     0.000000000    0.000000000    0.000000000    0.000000000    0.000000000
     0.000000000    0.000000000    0.000000000    0.000000000    0.000000000
     0.000000000    0.000000000    0.000000000    0.000000000    0.000000000
     0.000000000    0.000000000    0.000000000    0.000000000    0.000000000
     0.297024975    0.000000000    0.000000000    0.000000000    0.000000000
     0.376248460    0.000000000    0.000000000    0.000000000    0.000000000
     0.900156781    0.000000000    0.000000000    0.000000000    0.000000000
    -0.166088204    0.157856601    0.000000000    0.000000000    0.000000000
     0.000000000    0.000000000    0.000000000    0.000000000    0.000000000
    -0.024746357    0.000000000    0.000000000    0.408359766   -1.299219201
     0.025000994   -0.012927193   -0.012183449   -0.660739982    2.102180827
    -0.012627816    0.030390627    0.019713235   -0.408359766    1.299219201
     0.025000994    0.012927193    0.012183449    0.660739982   -2.102180827
    -0.012627816   -0.030390627   -0.019713235
     0.000000000    0.000000000    0.000000000    0.000000000    0.000000000
     0.000000000    0.000000000    0.000000000    0.000000000    0.000000000
     0.000000000    0.000000000    0.000000000    0.000000000    0.000000000
     0.000000000    0.000000000    0.000000000    0.000000000    0.297024975
     0.000000000    0.000000000    0.000000000    0.000000000    0.376248460
     0.000000000    0.000000000    0.000000000    0.000000000    0.900156781
     0.000000000    0.000000000    0.000000000    0.000000000   -0.166088204
     0.000000000    0.000000000    0.157856601    0.000000000    0.000000000
     0.000000000    0.000000000    0.000000000   -0.694743131    2.210363728
     0.000000000   -0.033656231    0.020727721    0.562058999   -1.788221820
     0.021400987    0.022247692   -0.016769079   -0.214687434    0.683039956
    -0.025153535   -0.005419576    0.006405218    0.562058999   -1.788221820
    -0.021400987    0.022247692   -0.016769079   -0.214687434    0.683039956
     0.025153535   -0.005419576    0.006405218
    -0.177722819    0.090053067    0.023328105   -1.244749846    0.000000000
     0.000000000   -0.019789444    0.000000000    0.000000000   -0.785613574
     0.000000000    0.000000000   -0.124397481    0.000000000    0.000000000
    -1.164720708   -0.285026396    0.000000000    0.000000000    0.000000000
     0.000000000   -0.314065164    0.000000000    0.000000000    0.000000000
     0.000000000   -0.908791639    0.000000000    0.000000000    0.000000000
     0.000000000   -0.237047213    0.000000000    0.000000000    0.000000000
     0.000000000    0.000000000    0.000000000   -1.107878126    3.455813987
     0.000000000    0.000000000    0.009360357   -0.129396135   -0.079972203
     0.000000000    0.004933267   -0.003120699   -0.129396135   -0.079972203
     0.004691816    0.001524463   -0.003120699   -0.129396135   -0.079972203
     0.002899702   -0.003991097   -0.003120699   -0.129396135   -0.079972203
    -0.004691816    0.001524463   -0.003120699   -0.129396135   -0.079972203
    -0.002899702   -0.003991097   -0.003120699
     0.000000000    0.000000000    0.000000000    0.000000000    0.000000000
    -0.107235978    0.000000000    0.000000000    0.062057035    0.000000000
     0.000000000   -0.164133185    0.000000000    0.000000000   -1.064444173
     0.000000000    0.000000000    0.000000000    0.580745590    0.000000000
     0.000000000    0.000000000    0.000000000    0.589024657    0.000000000
     0.000000000    0.000000000    0.000000000    0.080480042    0.000000000
     0.000000000    0.000000000    0.000000000    0.065572642    0.000000000
     0.000000000    0.000000000    0.000000000    0.000000000    0.000000000
     0.000000000    0.041707258    0.000000000   -0.722281849    1.301462791
     0.000000000   -0.059194892    0.009005610   -0.223197366    0.402174120
    -0.028671933    0.029048243    0.002782886    0.584338291   -1.052905515
     0.046392162   -0.025489014   -0.007285691   -0.223197366    0.402174120
     0.028671933    0.029048243    0.002782886    0.584338291   -1.052905515
    -0.046392162   -0.025489014   -0.007285691
     0.000000000    0.000000000    0.000000000    0.000000000   -0.107235978
     0.000000000    0.000000000    0.062057035    0.000000000    0.000000000
    -0.164133185    0.000000000    0.000000000   -1.064444173    0.000000000
     0.000000000    0.000000000    0.580745590    0.000000000    0.000000000
     0.000000000    0.000000000    0.589024657    0.000000000    0.000000000
     0.000000000    0.000000000    0.080480042    0.000000000    0.000000000
     0.000000000    0.000000000    0.065572642    0.000000000    0.000000000
     0.000000000    0.000000000    0.000000000    0.000000000    0.000000000
     0.041707258    0.000000000    0.000000000    0.000000000    0.000000000
     0.038364319    0.000000000    0.000000000   -0.686930860    1.237764668
    -0.049878817   -0.028671933    0.008564844   -0.424546619    0.764980635
     0.004658440    0.046392162    0.005293365    0.686930860   -1.237764668
    -0.049878817    0.028671933   -0.008564844    0.424546619   -0.764980635
     0.004658440   -0.046392162   -0.005293365
     0.309206623   -0.069315164   -0.076964157    1.398282442    0.000000000
     0.000000000   -0.101070173    0.000000000    0.000000000    0.293327536
     0.000000000    0.000000000   -0.089404698    0.000000000    0.000000000
    -0.590483652   -0.597607143    0.000000000    0.000000000    0.000000000
     0.000000000   -0.533545439    0.000000000    0.000000000    0.000000000
     0.000000000    0.285323440    0.000000000    0.000000000    0.000000000
     0.000000000    0.237505658    0.000000000    0.000000000    0.000000000
     0.000000000    0.000000000    0.000000000   -0.220646805    0.030431489
     0.000000000    0.000000000   -0.103966751    0.490667547   -0.723916658
     0.000000000    0.024489603    0.008267639    0.490667547   -0.723916658
     0.023290997    0.007567704    0.008267639    0.490667547   -0.723916658
     0.014394628   -0.019812505    0.008267639    0.490667547   -0.723916658
    -0.023290997    0.007567704    0.008267639    0.490667547   -0.723916658
    -0.014394628   -0.019812505    0.008267639
     0.000000000    0.000000000    0.000000000    0.000000000    0.000000000
     0.000000000    0.000000000    0.000000000    0.000000000    0.000000000
     0.000000000    0.000000000    0.000000000    0.000000000    0.000000000
     0.000000000    0.000000000    0.000000000    0.000000000   -0.342788493
     0.000000000    0.000000000    0.000000000    0.000000000   -0.297715967
     0.000000000    0.000000000    0.000000000    0.000000000    0.350636303
     0.000000000    0.000000000    0.000000000    0.000000000    0.339737989
     0.000000000    0.000000000    0.451367616    0.000000000    0.000000000
     0.000000000    0.000000000    0.000000000   -0.056745939    0.143895912
     0.000000000   -0.032047465   -0.116727663    0.045908429   -0.116414238
    -0.034211257    0.189192777    0.094434663   -0.017535460    0.044466282
    -0.255195092   -0.173169044   -0.036070831    0.045908429   -0.116414238
     0.034211257    0.189192777    0.094434663   -0.017535460    0.044466282
     0.255195092   -0.173169044   -0.036070831
     0.000000000    0.000000000    0.000000000    0.000000000    0.000000000
     0.000000000    0.000000000    0.000000000    0.000000000    0.000000000
     0.000000000    0.000000000    0.000000000    0.000000000    0.000000000
     0.000000000    0.000000000    0.000000000    0.000000000    0.000000000
    -0.342788493    0.000000000    0.000000000    0.000000000    0.000000000
    -0.297715967    0.000000000    0.000000000    0.000000000    0.000000000
     0.350636303    0.000000000    0.000000000    0.000000000    0.000000000
     0.339737989    0.451367616    0.000000000    0.000000000    0.000000000
     0.000000000    0.000000000    0.000000000    0.000000000    0.000000000
    -0.324106266    0.000000000    0.000000000    0.033354426   -0.084579895
     0.098941644   -0.243553168    0.068610799   -0.053968595    0.136853144
     0.063111489    0.083527236   -0.111014604   -0.033354426    0.084579895
     0.098941644    0.243553168   -0.068610799    0.053968595   -0.136853144
     0.063111489   -0.083527236    0.111014604
     0.000000000    0.000000000    0.000000000    0.000000000    0.000000000
     0.015572398    0.000000000    0.000000000   -0.084770113    0.000000000
     0.000000000   -0.016393601    0.000000000    0.000000000   -0.093310534
     0.000000000    0.000000000    0.000000000   -0.234678975    0.000000000
     0.000000000    0.000000000    0.000000000   -0.170003776    0.000000000
     0.000000000    0.000000000    0.000000000    0.215070158    0.000000000
     0.000000000    0.000000000    0.000000000    0.672826106    0.000000000
     0.000000000    0.000000000    0.000000000    0.000000000    0.000000000
     0.000000000    0.286395144    0.000000000   -0.015145845    0.122401267
     0.000000000   -0.084427855   -0.247719134   -0.004680324    0.037824072
    -0.029733285    0.007081789   -0.076549422    0.012253246   -0.099024705
     0.048109466   -0.049474281    0.200408989   -0.004680324    0.037824072
     0.029733285    0.007081789   -0.076549422    0.012253246   -0.099024705
    -0.048109466   -0.049474281    0.200408989
     0.000000000    0.000000000    0.000000000    0.000000000    0.015572398
     0.000000000    0.000000000   -0.084770113    0.000000000    0.000000000
    -0.016393601    0.000000000    0.000000000   -0.093310534    0.000000000
     0.000000000    0.000000000   -0.234678975    0.000000000    0.000000000
     0.000000000    0.000000000   -0.170003776    0.000000000    0.000000000
     0.000000000    0.000000000    0.215070158    0.000000000    0.000000000
     0.000000000    0.000000000    0.672826106    0.000000000    0.000000000
     0.000000000    0.000000000    0.000000000    0.000000000    0.000000000
     0.286395144    0.000000000    0.000000000    0.000000000    0.000000000
     0.016742719    0.000000000    0.000000000   -0.014404555    0.116410522
    -0.074766924   -0.029733285   -0.235594896   -0.008902504    0.071945660
    -0.018210855    0.048109466   -0.145605653    0.014404555   -0.116410522
    -0.074766924    0.029733285    0.235594896    0.008902504   -0.071945660
    -0.018210855   -0.048109466    0.145605653
     0.000000000    0.000000000    0.000000000    0.000000000    0.000000000
     0.000000000    0.000000000    0.000000000    0.000000000    0.000000000
     0.000000000    0.000000000    0.000000000    0.000000000    0.000000000
     0.000000000    0.000000000    0.000000000    0.000000000    0.000000000
     1.274558792    0.000000000    0.000000000    0.000000000    0.000000000
     0.741734987    0.000000000    0.000000000    0.000000000    0.000000000
    -0.743107500    0.000000000    0.000000000    0.000000000    0.000000000
     0.453046634   -0.014629574    0.000000000    0.000000000    0.000000000
     0.000000000    0.000000000    0.000000000    0.000000000    0.000000000
    -0.027943715    0.000000000    0.000000000   -0.119671744    0.186805192
     0.097676716    0.007966745    0.040956209    0.193632950   -0.302257149
    -0.083704859    0.129900734   -0.066268538    0.119671744   -0.186805192
     0.097676716   -0.007966745   -0.040956209   -0.193632950    0.302257149
    -0.083704859   -0.129900734    0.066268538
     0.000000000    0.000000000    0.000000000    0.000000000    0.000000000
     0.000000000    0.000000000    0.000000000    0.000000000    0.000000000
     0.000000000    0.000000000    0.000000000    0.000000000    0.000000000
     0.000000000    0.000000000    0.000000000    0.000000000    1.274558792
     0.000000000    0.000000000    0.000000000    0.000000000    0.741734987
     0.000000000    0.000000000    0.000000000    0.000000000   -0.743107500
     0.000000000    0.000000000    0.000000000    0.000000000    0.453046634
     0.000000000    0.000000000   -0.014629574    0.000000000    0.000000000
     0.000000000    0.000000000    0.000000000    0.203597732   -0.317811975
     0.000000000   -0.162232612   -0.069678865   -0.164714025    0.257115288
     0.119749586    0.056179164    0.056371386    0.062915159   -0.098209301
    -0.050967701    0.024937142   -0.021531953   -0.164714025    0.257115288
    -0.119749586    0.056179164    0.056371386    0.062915159   -0.098209301
     0.050967701    0.024937142   -0.021531953
     0.000000000    0.000000000    0.000000000    0.000000000    0.067748058
     0.000000000    0.000000000   -0.564056139    0.000000000    0.000000000
     0.055746014    0.000000000    0.000000000    0.307163156    0.000000000
     0.000000000    0.000000000    1.143963492    0.000000000    0.000000000
     0.000000000    0.000000000    0.667815844    0.000000000    0.000000000
     0.000000000    0.000000000   -0.513411869    0.000000000    0.000000000
     0.000000000    0.000000000    0.134338149    0.000000000    0.000000000
     0.000000000    0.000000000    0.000000000    0.000000000    0.000000000
     0.310801531    0.000000000    0.000000000    0.000000000    0.000000000
    -0.189473034    0.000000000    0.000000000    0.567703174   -0.283613581
     0.025483318    0.069843552    0.080154145    0.350859857   -0.175282833
    -0.107367014   -0.113009242    0.049537986   -0.567703174    0.283613581
     0.025483318   -0.069843552   -0.080154145   -0.350859857    0.175282833
    -0.107367014    0.113009242   -0.049537986
     0.000000000    0.000000000    0.000000000    0.000000000    0.000000000
     0.067748058    0.000000000    0.000000000   -0.564056139    0.000000000
     0.000000000    0.055746014    0.000000000    0.000000000    0.307163156
     0.000000000    0.000000000    0.000000000    1.143963492    0.000000000
     0.000000000    0.000000000    0.000000000    0.667815844    0.000000000
     0.000000000    0.000000000    0.000000000   -0.513411869    0.000000000
     0.000000000    0.000000000    0.000000000    0.134338149    0.000000000
     0.000000000    0.000000000    0.000000000    0.000000000    0.000000000
     0.000000000    0.310801531    0.000000000    0.596918442   -0.298208966
     0.000000000    0.048176863    0.084279055    0.184457943   -0.092151638
     0.069843552   -0.166779488    0.026043660   -0.482917164    0.241256122
    -0.113009242   -0.033929157   -0.068183188    0.184457943   -0.092151638
    -0.069843552   -0.166779488    0.026043660   -0.482917164    0.241256122
     0.113009242   -0.033929157   -0.068183188
    -0.036568353   -0.167055938    0.055316635    0.037283340    0.000000000
     0.000000000   -0.104801951    0.000000000    0.000000000    0.647436848
     0.000000000    0.000000000   -0.069081530    0.000000000    0.000000000
    -0.428209707    1.179892818    0.000000000    0.000000000    0.000000000
     0.000000000    0.680074735    0.000000000    0.000000000    0.000000000
     0.000000000   -0.564831774    0.000000000    0.000000000    0.000000000
     0.000000000    0.162943446    0.000000000    0.000000000    0.000000000
     0.000000000    0.000000000    0.000000000   -0.929021145    0.722075257
     0.000000000    0.000000000   -0.072528762    0.297955030   -0.161338302
     0.000000000   -0.067223130   -0.166339616    0.297955030   -0.161338302
    -0.063932996   -0.020773090   -0.166339616    0.297955030   -0.161338302
    -0.039512764    0.054384654   -0.166339616    0.297955030   -0.161338302
     0.063932996   -0.020773090   -0.166339616    0.297955030   -0.161338302
     0.039512764    0.054384654   -0.166339616
     0.000000000    0.000000000    0.000000000    0.000000000    0.000000000
     0.000000000    0.000000000    0.000000000    0.000000000    0.000000000
     0.000000000    0.000000000    0.000000000    0.000000000    0.000000000
     0.000000000    0.000000000    0.000000000    0.000000000    0.000000000
    -0.204993364    0.000000000    0.000000000    0.000000000    0.000000000
    -0.238451500    0.000000000    0.000000000    0.000000000    0.000000000
     0.351468251    0.000000000    0.000000000    0.000000000    0.000000000
     0.389670074   -0.571302853    0.000000000    0.000000000    0.000000000
     0.000000000    0.000000000    0.000000000    0.000000000    0.000000000
    -0.188393715    0.000000000    0.000000000    0.248066739   -0.375110185
     0.089553816   -0.131159467   -0.194289442   -0.401380415    0.606941028
     0.004643041    0.092653840    0.314366921   -0.248066739    0.375110185
     0.089553816    0.131159467    0.194289442    0.401380415   -0.606941028
     0.004643041   -0.092653840   -0.314366921
     0.000000000    0.000000000    0.000000000    0.000000000    0.000000000
     0.000000000    0.000000000    0.000000000    0.000000000    0.000000000
     0.000000000    0.000000000    0.000000000    0.000000000    0.000000000
     0.000000000    0.000000000    0.000000000    0.000000000   -0.204993364
     0.000000000    0.000000000    0.000000000    0.000000000   -0.238451500
     0.000000000    0.000000000    0.000000000    0.000000000    0.351468251
     0.000000000    0.000000000    0.000000000    0.000000000    0.389670074
     0.000000000    0.000000000   -0.571302853    0.000000000    0.000000000
     0.000000000    0.000000000    0.000000000   -0.422036344    0.638175564
     0.000000000   -0.075946506    0.330544942    0.341434574   -0.516294876
     0.024215817    0.124301915   -0.267416476   -0.130416402    0.197207095
    -0.158748650   -0.086328661    0.102144005    0.341434574   -0.516294876
    -0.024215817    0.124301915   -0.267416476   -0.130416402    0.197207095
     0.158748650   -0.086328661    0.102144005
     0.451839843    0.210910653   -0.165706367    0.899141315    0.000000000
     0.000000000   -0.030149011    0.000000000    0.000000000    0.203978064
     0.000000000    0.000000000   -0.026366726    0.000000000    0.000000000
    -0.119137647    0.413390497    0.000000000    0.000000000    0.000000000
     0.000000000    0.159687873    0.000000000    0.000000000    0.000000000
     0.000000000   -0.033175976    0.000000000    0.000000000    0.000000000
     0.000000000   -0.735648846    0.000000000    0.000000000    0.000000000
     0.000000000    0.000000000    0.000000000    0.288368223   -0.710341983
     0.000000000    0.000000000    0.248936056    0.444910899   -0.490159485
     0.000000000    0.152514547   -0.003520158    0.444910899   -0.490159485
     0.145049954    0.047129587   -0.003520158    0.444910899   -0.490159485
     0.089645802   -0.123386861   -0.003520158    0.444910899   -0.490159485
    -0.145049954    0.047129587   -0.003520158    0.444910899   -0.490159485
    -0.089645802   -0.123386861   -0.003520158
     0.000000000    0.000000000    0.000000000    0.000000000    0.037709620
     0.000000000    0.000000000   -0.574118424    0.000000000    0.000000000
     0.003825077    0.000000000    0.000000000    0.020668250    0.000000000
     0.000000000    0.000000000   -0.209256372    0.000000000    0.000000000
     0.000000000    0.000000000   -0.134359824    0.000000000    0.000000000
     0.000000000    0.000000000    0.064197922    0.000000000    0.000000000
     0.000000000    0.000000000   -0.261946421    0.000000000    0.000000000
     0.000000000    0.000000000    0.000000000    0.000000000    0.000000000
     0.811983942    0.000000000    0.000000000    0.000000000    0.000000000
     0.391039928    0.000000000    0.000000000    0.055957382    0.108681006
     0.042791978   -0.113152618    0.156334958    0.034583564    0.067168556
     0.258021047    0.183084782    0.096620318   -0.055957382   -0.108681006
     0.042791978    0.113152618   -0.156334958   -0.034583564   -0.067168556
     0.258021047   -0.183084782   -0.096620318
     0.000000000    0.000000000    0.000000000    0.000000000    0.000000000
     0.037709620    0.000000000    0.000000000   -0.574118424    0.000000000
     0.000000000    0.003825077    0.000000000    0.000000000    0.020668250
     0.000000000    0.000000000    0.000000000   -0.209256372    0.000000000
     0.000000000    0.000000000    0.000000000   -0.134359824    0.000000000
     0.000000000    0.000000000    0.000000000    0.064197922    0.000000000
     0.000000000    0.000000000    0.000000000   -0.261946421    0.000000000
     0.000000000    0.000000000    0.000000000    0.000000000    0.000000000
     0.000000000    0.811983942    0.000000000    0.058837073    0.114273973
     0.000000000    0.006026463    0.164380303    0.018181655    0.035312600
    -0.113152618    0.354274413    0.050796307   -0.047600192   -0.092449586
     0.183084782    0.139045344   -0.132986458    0.018181655    0.035312600
     0.113152618    0.354274413    0.050796307   -0.047600192   -0.092449586
    -0.183084782    0.139045344   -0.132986458
     0.000000000    0.000000000    0.000000000    0.000000000    0.000000000
     0.000000000    0.000000000    0.000000000    0.000000000    0.000000000
     0.000000000    0.000000000    0.000000000    0.000000000    0.000000000
     0.000000000    0.000000000    0.000000000    0.000000000    0.000000000
     0.465464632    0.000000000    0.000000000    0.000000000    0.000000000
     0.255290883    0.000000000    0.000000000    0.000000000    0.000000000
    -0.219976175    0.000000000    0.000000000    0.000000000    0.000000000
     0.231425673    0.507259843    0.000000000    0.000000000    0.000000000
     0.000000000    0.000000000    0.000000000    0.000000000    0.000000000
     0.049550408    0.000000000    0.000000000   -0.150206029    0.218594924
    -0.205494824   -0.024619221   -0.280379380    0.243038461   -0.353694017
     0.180719620   -0.274789409    0.453663367    0.150206029   -0.218594924
    -0.205494824    0.024619221    0.280379380   -0.243038461    0.353694017
     0.180719620    0.274789409   -0.453663367
     0.000000000    0.000000000    0.000000000    0.000000000    0.000000000
     0.000000000    0.000000000    0.000000000    0.000000000    0.000000000
     0.000000000    0.000000000    0.000000000    0.000000000    0.000000000
     0.000000000    0.000000000    0.000000000    0.000000000    0.465464632
     0.000000000    0.000000000    0.000000000    0.000000000    0.255290883
     0.000000000    0.000000000    0.000000000    0.000000000   -0.219976175
     0.000000000    0.000000000    0.000000000    0.000000000    0.231425673
     0.000000000    0.000000000    0.507259843    0.000000000    0.000000000
     0.000000000    0.000000000    0.000000000    0.255545760   -0.371895898
     0.000000000    0.345440701    0.477009893   -0.206740863    0.300870102
    -0.256789170   -0.114059695   -0.385909110    0.078967983   -0.114922153
     0.100869459   -0.058660655    0.147404163   -0.206740863    0.300870102
     0.256789170   -0.114059695   -0.385909110    0.078967983   -0.114922153
    -0.100869459   -0.058660655    0.147404163
    -0.016686579    0.005107292    0.001874406   -0.086690907    0.000000000
     0.000000000   -0.058397710    0.000000000    0.000000000   -1.078179048
     0.000000000    0.000000000    0.078806961    0.000000000    0.000000000
    -0.264873397    0.609528066    0.000000000    0.000000000    0.000000000
     0.000000000    0.393939036    0.000000000    0.000000000    0.000000000
     0.000000000   -0.429910818    0.000000000    0.000000000    0.000000000
     0.000000000    0.073068900    0.000000000    0.000000000    0.000000000
     0.000000000    0.000000000    0.000000000   -0.363754513    1.249970664
     0.000000000    0.000000000   -0.486797581   -0.010196219   -0.181737137
     0.000000000    0.238903613    0.362077313   -0.010196219   -0.181737137
     0.227210838    0.073825276    0.362077313   -0.010196219   -0.181737137
     0.140424021   -0.193277083    0.362077313   -0.010196219   -0.181737137
    -0.227210838    0.073825276    0.362077313   -0.010196219   -0.181737137
    -0.140424021   -0.193277083    0.362077313
     0.000000000    0.000000000    0.000000000    0.000000000    0.000000000
     0.000000000    0.000000000    0.000000000    0.000000000    0.000000000
     0.000000000    0.000000000    0.000000000    0.000000000    0.000000000
     0.000000000    0.000000000    0.000000000    0.000000000    0.000000000
     0.000000000    0.000000000    0.000000000    0.000000000    0.000000000
     0.000000000    0.000000000    0.000000000    0.000000000    0.000000000
     0.000000000    0.000000000    0.000000000    0.000000000    0.000000000
     0.000000000    0.000000000    0.000000000    0.000000000    0.000000000
     0.000000000    0.000000000    0.000000000    0.000000000    0.000000000
     0.486845010    0.000000000    0.000000000    0.000000000    0.000000000
     0.150443382   -0.463017120    0.000000000    0.000000000    0.000000000
    -0.393865887   -0.286160317    0.000000000    0.000000000    0.000000000
     0.150443382    0.463017120    0.000000000    0.000000000    0.000000000
    -0.393865887    0.286160317    0.000000000
     0.000000000    0.000000000    0.000000000    0.000000000    0.000000000
    -0.190425846    0.000000000    0.000000000   -0.710427762    0.000000000
     0.000000000    0.114398216    0.000000000    0.000000000   -0.508034037
     0.000000000    0.000000000    0.000000000   -0.698586705    0.000000000
     0.000000000    0.000000000    0.000000000   -0.439591515    0.000000000
     0.000000000    0.000000000    0.000000000    0.476856608    0.000000000
     0.000000000    0.000000000    0.000000000    0.129965213    0.000000000
     0.000000000    0.000000000    0.000000000    0.000000000    0.000000000
     0.000000000    0.335357960    0.000000000   -0.386046062    1.028405830
     0.000000000   -0.213311466    0.397837009   -0.119294794    0.317794879
     0.062013548   -0.404169542    0.122938397    0.312317824   -0.831997794
    -0.100340029   -0.286212764   -0.321856901   -0.119294794    0.317794879
    -0.062013548   -0.404169542    0.122938397    0.312317824   -0.831997794
     0.100340029   -0.286212764   -0.321856901
     0.000000000    0.000000000    0.000000000    0.000000000   -0.190425846
     0.000000000    0.000000000   -0.710427762    0.000000000    0.000000000
     0.114398216    0.000000000    0.000000000   -0.508034037    0.000000000
     0.000000000    0.000000000   -0.698586705    0.000000000    0.000000000
     0.000000000    0.000000000   -0.439591515    0.000000000    0.000000000
     0.000000000    0.000000000    0.476856608    0.000000000    0.000000000
     0.000000000    0.000000000    0.129965213    0.000000000    0.000000000
     0.000000000    0.000000000    0.000000000    0.000000000    0.000000000
     0.335357960    0.000000000    0.000000000    0.000000000    0.000000000
    -0.424318966    0.000000000    0.000000000   -0.367151622    0.978072066
    -0.233460890    0.062013548    0.378365480   -0.226912182    0.604481780
    -0.351417668   -0.100340029    0.233842727    0.367151622   -0.978072066
    -0.233460890   -0.062013548   -0.378365480    0.226912182   -0.604481780
    -0.351417668    0.100340029   -0.233842727
     0.000000000    0.000000000    0.000000000    0.000000000    0.019975384
     0.000000000    0.000000000   -0.181778345    0.000000000    0.000000000
     0.021737866    0.000000000    0.000000000    0.100823796    0.000000000
     0.000000000    0.000000000   -0.048185530    0.000000000    0.000000000
     0.000000000    0.000000000   -0.006306672    0.000000000    0.000000000
     0.000000000    0.000000000   -0.034484600    0.000000000    0.000000000
     0.000000000    0.000000000    0.778441863    0.000000000    0.000000000
     0.000000000    0.000000000    0.000000000    0.000000000    0.000000000
    -0.361388129    0.000000000    0.000000000    0.000000000    0.000000000
     0.232389349    0.000000000    0.000000000    0.080241235   -0.087131665
     0.229307302   -0.001001418    0.456623489    0.049591810   -0.053850330
     0.231212112    0.001620328    0.282208836   -0.080241235    0.087131665
     0.229307302    0.001001418   -0.456623489   -0.049591810    0.053850330
     0.231212112   -0.001620328   -0.282208836
     0.000000000    0.000000000    0.000000000    0.000000000    0.000000000
     0.019975384    0.000000000    0.000000000   -0.181778345    0.000000000
     0.000000000    0.021737866    0.000000000    0.000000000    0.100823796
     0.000000000    0.000000000    0.000000000   -0.048185530    0.000000000
     0.000000000    0.000000000    0.000000000   -0.006306672    0.000000000
     0.000000000    0.000000000    0.000000000   -0.034484600    0.000000000
     0.000000000    0.000000000    0.000000000    0.778441863    0.000000000
     0.000000000    0.000000000    0.000000000    0.000000000    0.000000000
     0.000000000   -0.361388129    0.000000000    0.084370627   -0.091615654
     0.000000000    0.228981922    0.480122350    0.026071958   -0.028310794
    -0.001001418    0.232063969    0.148365965   -0.068257271    0.074118621
     0.001620328    0.230159159   -0.388427140    0.026071958   -0.028310794
     0.001001418    0.232063969    0.148365965   -0.068257271    0.074118621
    -0.001620328    0.230159159   -0.388427140
     0.000000000    0.000000000    0.000000000    0.000000000    0.000000000
     0.000000000    0.000000000    0.000000000    0.000000000    0.000000000
     0.000000000    0.000000000    0.000000000    0.000000000    0.000000000
     0.000000000    0.000000000    0.000000000    0.000000000    0.000000000
     0.724279457    0.000000000    0.000000000    0.000000000    0.000000000
     0.412042706    0.000000000    0.000000000    0.000000000    0.000000000
    -0.268821062    0.000000000    0.000000000    0.000000000    0.000000000
    -0.417530915   -0.522333286    0.000000000    0.000000000    0.000000000
     0.000000000    0.000000000    0.000000000    0.000000000    0.000000000
    -0.563726289    0.000000000    0.000000000   -0.180616759    0.346959268
    -0.019327845   -0.485814221    0.042944260    0.292244054   -0.561391889
     0.301190989   -0.118185383   -0.069485272    0.180616759   -0.346959268
    -0.019327845    0.485814221   -0.042944260   -0.292244054    0.561391889
     0.301190989    0.118185383    0.069485272
     0.000000000    0.000000000    0.000000000    0.000000000    0.000000000
     0.000000000    0.000000000    0.000000000    0.000000000    0.000000000
     0.000000000    0.000000000    0.000000000    0.000000000    0.000000000
     0.000000000    0.000000000    0.000000000    0.000000000    0.724279457
     0.000000000    0.000000000    0.000000000    0.000000000    0.412042706
     0.000000000    0.000000000    0.000000000    0.000000000   -0.268821062
     0.000000000    0.000000000    0.000000000    0.000000000   -0.417530915
     0.000000000    0.000000000   -0.522333286    0.000000000    0.000000000
     0.000000000    0.000000000    0.000000000    0.307283584   -0.590282364
     0.000000000    0.286680761   -0.073061139   -0.248597641    0.477548464
    -0.322970945    0.243462386    0.059107703    0.094955849   -0.182407282
    -0.381671339   -0.386802766   -0.022577134   -0.248597641    0.477548464
     0.322970945    0.243462386    0.059107703    0.094955849   -0.182407282
     0.381671339   -0.386802766   -0.022577134
    -0.343242397   -0.378075186    0.207652207   -0.679365358    0.000000000
     0.000000000    0.224965387    0.000000000    0.000000000    2.717944127
     0.000000000    0.000000000   -0.280179704    0.000000000    0.000000000
     0.751239431    1.517829394    0.000000000    0.000000000    0.000000000
     0.000000000    0.188387485    0.000000000    0.000000000    0.000000000
     0.000000000    0.876032167    0.000000000    0.000000000    0.000000000
     0.000000000    0.398486816    0.000000000    0.000000000    0.000000000
     0.000000000    0.000000000    0.000000000   -0.646842913   -2.465812691
     0.000000000    0.000000000    1.168416015    0.169720024    0.829546938
     0.000000000   -0.130930625    0.300002767    0.169720024    0.829546938
    -0.124522424   -0.040459788    0.300002767    0.169720024    0.829546938
    -0.076959090    0.105925101    0.300002767    0.169720024    0.829546938
     0.124522424   -0.040459788    0.300002767    0.169720024    0.829546938
     0.076959090    0.105925101    0.300002767
     0.000000000    0.000000000    0.000000000    0.000000000    0.179059763
     0.000000000    0.000000000    3.267417140    0.000000000    0.000000000
    -0.033026646    0.000000000    0.000000000    0.831980367    0.000000000
     0.000000000    0.000000000   -1.633371044    0.000000000    0.000000000
     0.000000000    0.000000000   -0.193193780    0.000000000    0.000000000
     0.000000000    0.000000000   -0.851755590    0.000000000    0.000000000
     0.000000000    0.000000000   -0.059656112    0.000000000    0.000000000
     0.000000000    0.000000000    0.000000000    0.000000000    0.000000000
     0.306654067    0.000000000    0.000000000    0.000000000    0.000000000
    -0.285134095    0.000000000    0.000000000   -0.604096805   -1.978787150
     0.745916010    0.335008487   -0.141560686   -0.373352358   -1.222957715
     0.108692001   -0.542055118   -0.087489315    0.604096805    1.978787150
     0.745916010   -0.335008487    0.141560686    0.373352358    1.222957715
     0.108692001    0.542055118    0.087489315
     0.000000000    0.000000000    0.000000000    0.000000000    0.000000000
     0.179059763    0.000000000    0.000000000    3.267417140    0.000000000
     0.000000000   -0.033026646    0.000000000    0.000000000    0.831980367
     0.000000000    0.000000000    0.000000000   -1.633371044    0.000000000
     0.000000000    0.000000000    0.000000000   -0.193193780    0.000000000
     0.000000000    0.000000000    0.000000000   -0.851755590    0.000000000
     0.000000000    0.000000000    0.000000000   -0.059656112    0.000000000
     0.000000000    0.000000000    0.000000000    0.000000000    0.000000000
     0.000000000    0.306654067    0.000000000   -0.635184970   -2.080619938
     0.000000000    0.854766866   -0.148845714   -0.196282950   -0.642946920
     0.335008487   -0.176283239   -0.045995855    0.513875435    1.683256888
    -0.542055118    0.460940770    0.120418712   -0.196282950   -0.642946920
    -0.335008487   -0.176283239   -0.045995855    0.513875435    1.683256888
     0.542055118    0.460940770    0.120418712
     0.000000000    0.000000000    0.000000000    0.000000000    0.000000000
     0.000000000    0.000000000    0.000000000    0.000000000    0.000000000
     0.000000000    0.000000000    0.000000000    0.000000000    0.000000000
     0.000000000    0.000000000    0.000000000    0.000000000    0.000000000
     1.367497260    0.000000000    0.000000000    0.000000000    0.000000000
     0.064321853    0.000000000    0.000000000    0.000000000    0.000000000
    -0.084363102    0.000000000    0.000000000    0.000000000    0.000000000
    -0.960490622    0.601682248    0.000000000    0.000000000    0.000000000
     0.000000000    0.000000000    0.000000000    0.000000000    0.000000000
    -0.249844411    0.000000000    0.000000000   -0.357871638   -0.273977951
     0.481201089   -0.056178639   -0.259453246    0.579048474    0.443305636
    -0.356278884    0.621726794    0.419804170    0.357871638    0.273977951
     0.481201089    0.056178639    0.259453246   -0.579048474   -0.443305636
    -0.356278884   -0.621726794   -0.419804170
     0.000000000    0.000000000    0.000000000    0.000000000    0.000000000
     0.000000000    0.000000000    0.000000000    0.000000000    0.000000000
     0.000000000    0.000000000    0.000000000    0.000000000    0.000000000
     0.000000000    0.000000000    0.000000000    0.000000000    1.367497260
     0.000000000    0.000000000    0.000000000    0.000000000    0.064321853
     0.000000000    0.000000000    0.000000000    0.000000000   -0.084363102
     0.000000000    0.000000000    0.000000000    0.000000000   -0.960490622
     0.000000000    0.000000000    0.601682248    0.000000000    0.000000000
     0.000000000    0.000000000    0.000000000    0.608847596    0.466119130
     0.000000000   -0.749064860    0.441408227   -0.492568053   -0.377098298
     0.530965499    0.326933487   -0.357106757    0.188144254    0.144038733
    -0.328292377    0.047598943    0.136402644   -0.492568053   -0.377098298
    -0.530965499    0.326933487   -0.357106757    0.188144254    0.144038733
     0.328292377    0.047598943    0.136402644
     1.146751769    1.890540174   -0.767160661    0.565459800    0.000000000
     0.000000000   -0.171216096    0.000000000    0.000000000   -1.392302793
     0.000000000    0.000000000    0.306095177    0.000000000    0.000000000
    -0.318191890   -0.134635321    0.000000000    0.000000000    0.000000000
     0.000000000    0.002709144    0.000000000    0.000000000    0.000000000
     0.000000000   -0.472318258    0.000000000    0.000000000    0.000000000
     0.000000000    0.957370729    0.000000000    0.000000000    0.000000000
     0.000000000    0.000000000    0.000000000   -0.272020773    0.500315215
     0.000000000    0.000000000    0.605486347   -0.331314179   -0.685087563
     0.000000000    0.498709933   -0.208140561   -0.331314179   -0.685087563
     0.474301331    0.154109844   -0.208140561   -0.331314179   -0.685087563
     0.293134344   -0.403464811   -0.208140561   -0.331314179   -0.685087563
    -0.474301331    0.154109844   -0.208140561   -0.331314179   -0.685087563
    -0.293134344   -0.403464811   -0.208140561
     0.112851057    0.309600966   -0.066607660   -0.452536589    0.000000000
     0.000000000    0.506136152    0.000000000    0.000000000    1.952639979
     0.000000000    0.000000000   -1.688948699    0.000000000    0.000000000
     0.280715230   -0.204254214    0.000000000    0.000000000    0.000000000
     0.000000000    0.038385553    0.000000000    0.000000000    0.000000000
     0.000000000    0.834085737    0.000000000    0.000000000    0.000000000
     0.000000000    0.168225297    0.000000000    0.000000000    0.000000000
     0.000000000    0.000000000    0.000000000    0.108846889   -1.432027364
     0.000000000    0.000000000   -0.224507699   -0.102282180    0.389728565
     0.000000000    0.207718921   -0.136366902   -0.102282180    0.389728565
     0.197552434    0.064188677   -0.136366902   -0.102282180    0.389728565
     0.122094119   -0.168048137   -0.136366902   -0.102282180    0.389728565
    -0.197552434    0.064188677   -0.136366902   -0.102282180    0.389728565
    -0.122094119   -0.168048137   -0.136366902
     0.000000000    0.000000000    0.000000000    0.000000000    0.557202515
     0.000000000    0.000000000    2.867587660    0.000000000    0.000000000
    -1.784739385    0.000000000    0.000000000    0.573770017    0.000000000
     0.000000000    0.000000000   -0.151893921    0.000000000    0.000000000
     0.000000000    0.000000000   -0.116337818    0.000000000    0.000000000
     0.000000000    0.000000000   -1.030087206    0.000000000    0.000000000
     0.000000000    0.000000000    0.014504518    0.000000000    0.000000000
     0.000000000    0.000000000    0.000000000    0.000000000    0.000000000
    -0.010846449    0.000000000    0.000000000    0.000000000    0.000000000
    -0.102209808    0.000000000    0.000000000    0.011777270   -1.544167421
    -0.170508361   -0.022191545    0.111463085    0.007278753   -0.954347951
    -0.128297534    0.035906674    0.068887975   -0.011777270    1.544167421
    -0.170508361    0.022191545   -0.111463085   -0.007278753    0.954347951
    -0.128297534   -0.035906674   -0.068887975
     0.000000000    0.000000000    0.000000000    0.000000000    0.000000000
     0.557202515    0.000000000    0.000000000    2.867587660    0.000000000
     0.000000000   -1.784739385    0.000000000    0.000000000    0.573770017
     0.000000000    0.000000000    0.000000000   -0.151893921    0.000000000
     0.000000000    0.000000000    0.000000000   -0.116337818    0.000000000
     0.000000000    0.000000000    0.000000000   -1.030087206    0.000000000
     0.000000000    0.000000000    0.000000000    0.014504518    0.000000000
     0.000000000    0.000000000    0.000000000    0.000000000    0.000000000
     0.000000000   -0.010846449    0.000000000    0.012383355   -1.623633711
     0.000000000   -0.177718831    0.117199223    0.003826667   -0.501730409
    -0.022191545   -0.109420278    0.036216552   -0.010018344    1.313547265
     0.035906674   -0.151631106   -0.094816163    0.003826667   -0.501730409
     0.022191545   -0.109420278    0.036216552   -0.010018344    1.313547265
    -0.035906674   -0.151631106   -0.094816163
     3.118465310   -3.083573395   -3.080991234   -0.370273409    0.000000000
     0.000000000    0.091075627    0.000000000    0.000000000    1.330030430
     0.000000000    0.000000000   -0.174089263    0.000000000    0.000000000
     0.637895665    0.262603379    0.000000000    0.000000000    0.000000000
     0.000000000    0.035162173    0.000000000    0.000000000    0.000000000
     0.000000000    0.595071764    0.000000000    0.000000000    0.000000000
     0.000000000   -0.251842604    0.000000000    0.000000000    0.000000000
     0.000000000    0.000000000    0.000000000    0.019987302   -0.629180577
     0.000000000    0.000000000   -0.026541480    0.158957008    0.907940517
     0.000000000   -0.131098823    0.070231870    0.158957008    0.907940517
    -0.124682390   -0.040511764    0.070231870    0.158957008    0.907940517
    -0.077057955    0.106061176    0.070231870    0.158957008    0.907940517
     0.124682390   -0.040511764    0.070231870    0.158957008    0.907940517
     0.077057955    0.106061176    0.070231870
