 WH6...b3lyp/vdz
 NOs in the AO basis:
 -------------------------------------------------------------------------------
    -0.363907780    0.052047691   -0.662490303    0.009749440    0.000004384
     0.000808204   -0.014332990    0.000007862   -0.006815273   -0.006673719
     0.000001287    0.000113251   -0.004318107    0.000003863   -0.003422099
    -0.004658497    0.006973241   -0.000008542    0.007627409   -0.035552250
     0.000020946   -0.005737015    0.000016162   -0.014399870    0.065206579
    -0.000038417   -0.003717361   -0.000004040    0.003561933   -0.012003994
     0.000007072    0.004808326   -0.000000153    0.000151704    0.002335425
    -0.000001376    0.000001211   -0.002055729    0.025962093    0.018880997
    -0.000000276    0.000247552   -0.000064068    0.032814023    0.013650001
     0.000001713    0.000816494    0.000515092   -0.024964374   -0.021752869
     0.002690682    0.001673655   -0.002218343    0.029556502    0.006239081
    -0.001375270   -0.001841253   -0.000335421   -0.025016023   -0.021775827
    -0.002693536    0.001672887   -0.002219725    0.029581277    0.006257556
     0.001375815   -0.001840676   -0.000333860
    -0.006491301    0.049653075   -0.025809819    0.004613710    0.000087460
    -0.001897438    0.881266253   -0.000014975    0.000090191    0.024907340
     0.000023101   -0.000504686    0.234696686   -0.000008880    0.000075251
    -0.002978406   -0.003213149    0.000020895   -0.000192004   -0.000156338
    -0.000007563    0.009428158   -0.000038863    0.000349610    0.000286741
     0.000013872    0.000792970    0.000008942   -0.000071702   -0.000052787
    -0.000002554    0.006294821    0.000000684   -0.000009731    0.000010270
     0.000000497   -0.000000437   -0.000009040    0.025899776   -0.006367234
     0.000000701   -0.000006741   -0.005105137    0.010852649    0.007727070
    -0.000001510    0.002097916    0.000011204    0.010357934    0.007464372
     0.002006990    0.000665397    0.000000690    0.010286305    0.007447840
     0.001237203   -0.001710753    0.000012360    0.010425328    0.007491834
    -0.002004378    0.000664580    0.000001195    0.010307484    0.007453018
    -0.001237898   -0.001709193    0.000011800
    -0.000147937    0.011321106   -0.001950499    0.002694904    0.006753683
    -0.896528753   -0.001393936   -0.000097286    0.004234715   -0.002755738
     0.001799721   -0.239037262   -0.000420920   -0.000155924    0.016356473
    -0.001534543   -0.001986000    0.000434295   -0.047986906   -0.008847427
    -0.000024626    0.003946099   -0.000773897    0.084479867    0.016227115
     0.000045167   -0.001535518    0.000138625   -0.013879073   -0.002987278
    -0.000008315    0.000334804    0.000029764   -0.003762023    0.000581187
     0.000001618   -0.000001424   -0.000511583   -0.000064589    0.000658952
     0.000015916   -0.001799452    0.000003100    0.062655193    0.039732960
    -0.000014254    0.000785399   -0.001663086    0.012774698    0.006911690
    -0.000006980    0.001440660   -0.000839947   -0.030112987   -0.024377125
    -0.000813572    0.001414769    0.002035471    0.013709210    0.007478544
    -0.000002411    0.001437750   -0.000867682   -0.029602086   -0.024065193
     0.000792934    0.001420259    0.002015490
    -0.000006357   -0.000044487   -0.000004301   -0.000012253    0.892910106
     0.006758728   -0.000094101   -0.015489321   -0.000033309    0.000019169
     0.237903256    0.001802027   -0.000024318   -0.021928994   -0.000124000
     0.000010630    0.000022165    0.060343582    0.000363304    0.000078682
    -0.012908064   -0.000042097   -0.107841979   -0.000639786   -0.000144311
     0.023674751    0.000011581    0.019696688    0.000105353    0.000026566
    -0.004358327   -0.000000813    0.003992268    0.000028391   -0.000005169
     0.000847930   -0.000746380    0.000004550    0.000029567    0.000012512
     0.002199157    0.000013616   -0.000001335   -0.000472687   -0.000305370
    -0.002609679   -0.000006359    0.000012149   -0.072150004   -0.042327637
    -0.000047814   -0.000044183    0.001544653   -0.026836444   -0.015883465
    -0.001475998   -0.000161771    0.001679251    0.071997716    0.042234312
    -0.000045409    0.000020661   -0.001530619    0.027311919    0.016249712
    -0.001487868    0.000142757   -0.001709747
     0.021294541   -0.364839726    0.093315695   -0.081972896    0.000124707
    -0.037815226    0.007534423    0.000177476   -0.002763598    0.064193080
     0.000035923   -0.010126658    0.002546991    0.000086800   -0.000781901
     0.040027918    0.036071338   -0.000191590    0.001251914    0.099637251
    -0.000144757   -0.076061799    0.000362700   -0.002623819   -0.182745233
     0.000265500    0.037368079   -0.000090859    0.000947763    0.033641891
    -0.000048876   -0.012938059   -0.000003354   -0.000094617   -0.006545165
     0.000009509   -0.000008370    0.005761301   -0.058614073   -0.046855587
    -0.000006179    0.000030329    0.003611961   -0.279056739   -0.092861153
     0.000003439    0.013647140   -0.008141291   -0.091006995    0.014312120
     0.006603651   -0.001524500   -0.000133161   -0.201982392   -0.051349131
     0.010255260   -0.005050655   -0.004846251   -0.091423150    0.014226258
    -0.006621494   -0.001497062   -0.000132636   -0.202631422   -0.051627933
    -0.010254490   -0.005090459   -0.004862618
    -0.018347439    0.004727028   -0.033736442    0.000624940    0.000060300
     0.014590372   -0.002992705    0.000068826    0.157991096    0.001030868
     0.000017115    0.006262572   -0.000740262    0.000033472    0.078801551
     0.000261039    0.002295199   -0.000073724   -0.175209446    0.011095806
     0.000112910   -0.003822451    0.000139651    0.331007323   -0.020350879
    -0.000207089    0.000514239   -0.000035080   -0.082138545    0.003746429
     0.000038123    0.000448447   -0.000001252   -0.003380373   -0.000728883
    -0.000007417    0.000006529    0.000641590    0.006271896    0.003276185
    -0.000002374   -0.005677518   -0.000291990    0.269927959    0.083954854
     0.000010961   -0.014516290    0.002440280    0.096551715    0.033227896
    -0.007692100    0.007613310    0.001249238   -0.230712902   -0.075714954
     0.012774733   -0.006056776   -0.002661801    0.096186707    0.033077489
     0.007672356    0.007611712    0.001240667   -0.230632862   -0.075631838
    -0.012771329   -0.006057772   -0.002654079
     0.000087994   -0.000006561    0.000158802   -0.000001102    0.088099657
     0.000283381    0.000072770    0.107486126   -0.000092943    0.000001080
     0.025109163    0.000074182    0.000019400    0.052369581   -0.000050994
    -0.000000193   -0.000004677   -0.115427179    0.000117164   -0.000214501
     0.183895179    0.000007219    0.218604517   -0.000219337    0.000393417
    -0.337283163   -0.000000341   -0.054863559    0.000052122   -0.000072425
     0.062091051   -0.000000765   -0.001979778    0.000003184    0.000014091
    -0.012080064    0.010633328   -0.000012403   -0.000009359   -0.000007167
    -0.003719015    0.000003876   -0.000000083    0.000043673    0.000065704
     0.017554781   -0.000001141    0.000008688    0.289620484    0.120161200
    -0.015682125    0.001528071    0.006865533   -0.069532841   -0.068953286
     0.002718790    0.000449393   -0.006350207   -0.290085715   -0.120402494
    -0.015699535   -0.001520201   -0.006880776    0.069960472    0.069138414
     0.002755298   -0.000451626    0.006358304
     0.000016939    0.000005567    0.000023712   -0.000098540   -0.027000999
     0.000033424   -0.000565615   -0.115311354   -0.000008390    0.000509938
    -0.008931836    0.000008788   -0.000125789   -0.057254393   -0.000004728
     0.000211950    0.000628750    0.127089088    0.000010955    0.000159859
     0.173147778   -0.001159987   -0.240210516   -0.000020461   -0.000293199
    -0.317571296    0.000267976    0.059736728    0.000004807    0.000053975
     0.058462258    0.000039187    0.002400264    0.000000320   -0.000010501
    -0.011374068    0.010011883    0.000009244    0.001354643    0.000600176
     0.004113760    0.000000364   -0.000078753   -0.000518670   -0.000169071
     0.002224754    0.000021520   -0.000022257   -0.089828650   -0.002077763
     0.002710884    0.011757634    0.002330173   -0.290102903   -0.136385227
     0.000427202   -0.016290471   -0.008553748    0.089409629    0.002091023
     0.002690408   -0.011763427   -0.002349216    0.289352596    0.136199844
     0.000395454    0.016275090    0.008519189
     0.004578957   -0.138405361    0.031022899   -0.000214935   -0.000036383
     0.004873655    0.165228596   -0.000379205    0.002050587   -0.133727195
    -0.000015395    0.001330564    0.036543182   -0.000189115    0.000948383
    -0.050423489   -0.180521327    0.000420466   -0.002047975   -0.009806704
     0.000553067    0.329422622   -0.000794359    0.003901317    0.017986531
    -0.001014383   -0.068752340    0.000197129   -0.001005100   -0.003311172
     0.000186739   -0.017012319    0.000008108   -0.000024700    0.000644202
    -0.000036331    0.000031980   -0.000567051   -0.440164472   -0.202577734
     0.000013624   -0.000065086    0.025707697    0.053041170    0.015348005
     0.000006335   -0.001603337    0.003817518    0.032090200    0.004107094
    -0.000810518    0.000249094    0.003011604    0.038904510    0.009049252
    -0.000922842    0.000446033    0.003401003    0.032703866    0.004135632
     0.000829308    0.000172963    0.002996806    0.040780830    0.009929348
     0.000925104    0.000551672    0.003455629
    -0.064665689    0.161083557   -0.140536664    0.037235435   -0.000002493
    -0.018554206    0.002264899    0.000087128   -0.007257036   -0.034821430
     0.000000643   -0.005057261   -0.000033690    0.000043625   -0.003335584
    -0.020366053   -0.022525799   -0.000097132    0.007184741    0.229075001
     0.000139263    0.046640468    0.000183431   -0.013696654   -0.420147725
    -0.000255424   -0.019857506   -0.000045435    0.003540044    0.077345734
     0.000047021    0.005640898   -0.000001907    0.000082066   -0.015047924
    -0.000009148    0.000008053    0.013245750    0.010390737    0.014500003
    -0.000003150    0.000227941   -0.000469602   -0.169439328   -0.125009496
     0.000013741    0.006613309   -0.008646350    0.265884758    0.123378594
    -0.008285908   -0.011225196    0.009663051    0.015418932   -0.024731025
     0.009025316    0.008249983   -0.001376526    0.265420424    0.123185583
     0.008261504   -0.011227007    0.009652770    0.015508920   -0.024633143
    -0.009020862    0.008248495   -0.001366822
    -0.000198499   -0.001879751   -0.000219431   -0.003375648   -0.142566340
    -0.000059854    0.000209177    0.150173016   -0.001327509    0.002620731
     0.032162789    0.000186237   -0.000332958   -0.002461815   -0.000560971
     0.001793515    0.000379415    0.146593315    0.000144804    0.000171284
    -0.275589290    0.000022248   -0.384571566    0.000042803    0.000069223
    -0.762969017    0.001495126    0.043934137    0.000635154   -0.000640956
     0.003849914   -0.000142050    0.004688393    0.000001722   -0.000052495
    -0.009394477   -0.014752363    0.000005430   -0.000061821   -0.001893233
    -0.007370624    0.000011391    0.000082581    0.000163828    0.002123120
    -0.003242238   -0.000251511    0.000152378   -0.028021352   -0.028876571
    -0.007064789    0.012167660    0.001336128    0.187235834    0.296794440
     0.016131501   -0.044565881    0.001829514    0.027159822    0.035632660
    -0.006574096   -0.012244308   -0.001064436   -0.187402388   -0.294977357
     0.016366484    0.044651324   -0.001581663
    -0.004801502   -0.033321576   -0.002774311    0.015401905    0.000095316
    -0.316098199   -0.029296697    0.004224493    0.832809513    0.042265165
    -0.000451022    0.065049760    0.041113651    0.001187410   -0.077424158
     0.007754706   -0.028203591   -0.001055720    0.173802796   -0.285514548
     0.000442068    0.010706410   -0.000326138   -0.383534221   -0.196321580
     0.000382157   -0.002060232   -0.001488514   -0.077990886   -0.024442888
    -0.001205913   -0.003180310   -0.000051738    0.000546967    0.001658938
     0.000082043   -0.000104840   -0.008902254    0.048542978   -0.061471022
     0.000069062   -0.015622194    0.007469296   -0.459585356    0.243597836
    -0.000193890   -0.035096540    0.015499442    0.011558343    0.025321328
     0.009288109   -0.008693102    0.001078958    0.180856369   -0.091847959
    -0.009288041   -0.026936642   -0.005584241    0.013482241    0.027626339
    -0.008915819   -0.008731012    0.001332646    0.180193662   -0.084246250
     0.009923181   -0.025749758   -0.005514755
    -0.068341815   -0.059860851   -0.056778735   -0.089916334   -0.000029779
    -0.019151942    0.234834759   -0.001973164    0.013818723   -0.685534037
     0.000243637    0.023464762   -0.109784587   -0.000734577    0.013157681
    -0.091832293    0.341406863    0.000493680   -0.036337524   -0.085938165
    -0.000656053   -0.265276630    0.000178670   -0.056485506   -0.113986455
    -0.000274771    0.036403484    0.000822152   -0.018367140   -0.014540140
     0.000154261    0.036182165    0.000007422    0.000054342   -0.000276837
     0.000092807   -0.000076107   -0.007745555   -0.745353689    0.831569424
    -0.000044042   -0.000457740   -0.084869360   -0.182697508    0.086389637
     0.000102710   -0.011364181    0.003169853   -0.142084769    0.049902563
    -0.001340061    0.001060016    0.001488141   -0.117435202    0.053261918
     0.004993409    0.003225183    0.001688061   -0.142942853    0.047387782
     0.000973506    0.001212851    0.001452750   -0.117421012    0.051796720
    -0.004915778    0.003256309    0.001846915
    -0.000610284    0.000052957    0.000528129   -0.001365670    0.005655218
    -0.000215838    0.000102432   -0.405452458   -0.001492031    0.001149752
    -0.012495399    0.000321934   -0.000197664   -0.029816273   -0.001456093
     0.000670963    0.000063161   -0.179426040   -0.000098522   -0.000455985
    -0.089470044   -0.000133592   -0.816142343    0.000104407    0.000045915
     0.300143624    0.000697258    0.005449182    0.001215698    0.001356960
    -0.063648254   -0.000024943   -0.003535015    0.000002031    0.000054043
    -0.003393866   -0.009184903    0.000006185    0.000029896   -0.001132085
     0.005443982    0.000040047    0.000076752   -0.001132466    0.004709494
     0.021435150   -0.000155919    0.000061540    0.586151559   -0.057642655
    -0.014409221   -0.002007973   -0.006804300   -0.150190810    0.210393289
    -0.000650516   -0.013848452    0.002901736   -0.585299785    0.057159299
    -0.014362852    0.001753776    0.006874502    0.150734262   -0.211500702
    -0.000627324    0.013893499   -0.002877835
    -0.015452746   -0.271871637   -0.037335568   -0.096946369   -0.000869786
     0.050747463   -0.007242850   -0.012852982   -0.193180830   -0.118239721
     0.001386469   -0.047104895    0.043308917   -0.007076433    0.035087050
     0.069875257    0.110753521    0.003869099   -0.325112869   -0.061957884
     0.000740448    0.215813758    0.000953574   -0.236063924    0.506579871
     0.000069280    0.012275832    0.006048528    0.014110218   -0.197266349
     0.000285576   -0.001010826    0.000081613    0.006621832   -0.008145331
    -0.000229463   -0.000014633   -0.047651900   -0.050191813    0.241186456
    -0.000320746   -0.000182292   -0.031191139   -0.831858164    0.575898241
     0.000297458   -0.032637712    0.013626786    0.453415659   -0.103244777
    -0.040418219    0.035455907    0.002568402   -0.138724805    0.090944537
     0.018435713   -0.010038339    0.006497095    0.451942693   -0.123990272
     0.037965458    0.037086312    0.002267201   -0.140366807    0.076601956
    -0.019060973   -0.012074996    0.006070136
    -0.017757621   -0.077933305   -0.026808047   -0.036779369    0.000308029
    -0.061165098    0.008806303    0.002959706    0.575430393    0.033363550
    -0.000427971    0.023766046   -0.002168958    0.002512753   -0.032693388
     0.012897459    0.013752726   -0.000148644    0.210721226    0.018317750
    -0.000144776    0.013616132    0.000280652    0.887737972    0.109154519
    -0.000187618   -0.001810805   -0.001943430    0.059769373   -0.014756428
    -0.000274241   -0.003740531    0.000009893    0.010799964    0.000530026
     0.000084156   -0.000025681   -0.010783087    0.001643898   -0.015389048
     0.000019293    0.001890307   -0.000421577   -0.664082124    0.168996482
     0.000051810   -0.014935901    0.006575483   -0.153979217    0.062975380
     0.007278941   -0.017352089   -0.000685169    0.309903172    0.061398347
    -0.024568360    0.011493120    0.002452178   -0.154337713    0.069003360
    -0.006967154   -0.017397819   -0.000761071    0.308934096    0.067171689
     0.024669138    0.011721085    0.002549778
    -0.000107457    0.000955326    0.000176681    0.002759268   -0.214529878
    -0.000414380   -0.001969617    0.831205312   -0.009235154   -0.006930046
     0.023034156    0.001700025    0.004663365    0.146317852   -0.006084367
    -0.002696140   -0.000913045   -0.038940968   -0.000438825   -0.001641499
     0.673944567   -0.000782409   -0.308786922    0.000249367   -0.001252676
     0.575033082   -0.002922035   -0.049777859    0.005633996    0.002067873
     0.059682559   -0.000348642   -0.003255635   -0.000045784   -0.000192752
     0.033281030    0.031590309   -0.000041053   -0.001612306    0.006966174
    -0.032972076    0.000147211   -0.000955579   -0.001482187    0.009588958
     0.040029764   -0.000197255   -0.000083056   -0.379708133    0.021456342
    -0.043872272   -0.004427028    0.022876747    0.326343716   -0.590142643
     0.025826764    0.065021292    0.018243722    0.381223150   -0.025310017
    -0.044120551    0.004057721   -0.023451174   -0.325479288    0.572224020
     0.026381965   -0.065396515   -0.018300735
     0.058208252    0.020279407    0.070772041    0.146509532   -0.000448600
     0.007885764    0.075882862   -0.007661390    0.013056187    0.561784120
     0.000833076   -0.004485472   -0.079247967   -0.003907998   -0.035257178
    -0.085772990   -0.331505117    0.002145225   -0.038086895   -0.033400099
    -0.000276886   -0.929856662    0.000600973   -0.001480681    0.116284533
    -0.000249062    0.046365654    0.003647102   -0.022274333   -0.064268387
     0.001240728   -0.028870638    0.000050969    0.003151140   -0.006538523
    -0.000023046   -0.000046532   -0.007598371    0.324398087   -0.968312175
    -0.000174389    0.003603329    0.131113358    0.018855130    0.013526632
     0.000274998    0.004151464    0.002080178    0.330246022   -0.064742069
    -0.014748936   -0.005010492    0.003200365    0.204711708   -0.062082306
    -0.020642526    0.006411772    0.001716070    0.328917008   -0.075479136
     0.013293563   -0.004213883    0.002938053    0.204037800   -0.071934569
     0.020381636    0.005309936    0.001643944
     0.004109373   -0.029473912   -0.005490703   -0.022029197    0.190290184
     0.000577198    0.001710180   -0.105692072    0.006548006    0.021649584
    -0.207019477   -0.002677277   -0.001155476   -0.121354847    0.001591846
     0.015516166    0.007112612   -0.427931557    0.002552754   -0.002786154
     0.242732035    0.002087271   -0.334727754    0.000985937   -0.001221299
    -0.160499614    0.014502750   -0.027167106   -0.005485145    0.000274478
    -0.027209954   -0.001095482   -0.015559882    0.000093048    0.000691412
     0.023980399    0.017342481   -0.000462774   -0.000889641   -0.014118233
    -0.012362523   -0.000276707    0.002322315    0.005194757    0.009086222
     0.013731021   -0.001403420    0.000935697   -0.018717139    0.046881003
    -0.011082253   -0.038298445    0.012169951    0.732590728   -0.720350379
    -0.077235443    0.116666095   -0.000090130    0.028332345   -0.015368579
    -0.006107984    0.035410337   -0.008816227   -0.723815064    0.758676810
    -0.076903626   -0.115774002    0.001101623
    -0.017034356   -0.031857505    0.008907128   -0.033951649   -0.099845283
    -0.007193213    0.004720789   -0.180733556   -0.090087360    0.054177254
     0.310117513    0.011196019   -0.008016843   -0.185834576   -0.047651478
     0.030420969    0.008433998   -0.272254089    0.023986298    0.005982794
     1.107236215    0.000251429   -0.108897709    0.001951615    0.003270611
     0.371157161    0.030467907   -0.146921743    0.032653804   -0.013259902
    -0.208978796   -0.003319660   -0.018597575    0.001067960    0.002270971
     0.014981815   -0.035776054   -0.001729392    0.002628401   -0.052808111
     0.041657214   -0.001800816    0.003874490    0.002874945    0.098168071
     0.062559016   -0.011365878    0.004173871   -0.178135268   -0.404466189
    -0.055058992    0.006975198    0.024793396   -0.175218362    1.052802282
     0.012192642   -0.012134929    0.016855932    0.165306223    0.549702888
    -0.031796552   -0.006678767   -0.014666680    0.177288816   -1.130354632
    -0.001998108    0.005264337   -0.017949282
    -0.269151769   -0.587303301    0.136706674    0.020614889   -0.001961742
    -0.077246540    0.118325303   -0.044792605   -0.183814980    1.185230186
    -0.003033582    0.193458964   -0.259240966   -0.041232106   -0.151447537
     0.138325917   -0.254802240    0.001483087   -0.053475254    0.663754947
    -0.017787902   -0.062393287   -0.002148977   -0.086789974    0.089770872
    -0.006264477    0.935355264    0.040811077   -0.251836003   -0.122110117
     0.013804300   -0.070170317   -0.000176439   -0.003707375   -0.036544758
    -0.001574730    0.002855723   -0.064746413    0.433478969   -1.444572518
    -0.000871531    0.009442444    0.125317345   -0.299291259    1.365418450
     0.000034774   -0.023392592    0.027780209   -0.273362192    0.185373440
    -0.054642003    0.046556973    0.028102318    0.051867388    0.576300755
     0.060337241   -0.017880516    0.018783415   -0.263735098    0.065280329
     0.050390711    0.046018794    0.027716508    0.060417782    0.506717697
    -0.067859196   -0.025816494    0.017860185
     0.008700586    0.006174863   -0.004665534    0.014385960   -0.311666665
     0.002366505    0.000102454    1.032658918    0.029539741   -0.008088340
     0.569383958   -0.005260783   -0.004186359    0.016404561    0.019682094
    -0.007954913    0.007103459   -0.077272922   -0.010027161   -0.001643748
    -0.588746601    0.004074079   -0.019766218   -0.002599021   -0.002815846
    -0.232722976   -0.009575097   -0.691932668   -0.010461799    0.026015169
     0.222605497    0.000574401   -0.042219422   -0.001200605    0.003029906
    -0.102251705    0.017911986   -0.002617141   -0.000432404    0.006833268
     0.062148260   -0.000006826   -0.002166211   -0.009815425    0.011763929
    -0.012929893    0.005174703   -0.002703958    0.096730802   -0.958557845
    -0.085549346   -0.052996122   -0.004968449   -0.149856333   -0.547420274
    -0.081161131   -0.028654047   -0.025400104   -0.073155542    0.842608449
    -0.097147477    0.051531297    0.005877796    0.149698987    0.603452319
    -0.087569004    0.023539825    0.027642705
    -0.053416103   -0.645221701   -0.087425519    0.105534038   -0.000617970
    -0.029100549   -0.013087173   -0.020461487   -0.088815276   -0.945518131
    -0.000301742    0.074467833   -0.055841715   -0.009828634   -0.020979210
     0.250179770   -0.336785467    0.007090580   -0.036454904    0.225823118
    -0.002949345   -0.287168372    0.001292306   -0.039225805    0.021835923
    -0.000662321   -0.882461524    0.011000142   -0.072029983   -0.068781531
     0.003483883    0.068349703    0.000293412   -0.003460326   -0.008870596
     0.000387391   -0.000371013   -0.027414840   -0.342689007    1.711434121
    -0.000824864    0.003119283   -0.001631484   -0.198084527    0.259191656
    -0.000000308    0.026971757   -0.021876480   -0.191399707   -0.115490309
     0.010602635    0.036381362   -0.018441298   -0.069580782    0.007848928
     0.076838590   -0.028099648   -0.021487511   -0.196541616   -0.149628981
    -0.015308794    0.039007619   -0.019068292   -0.071914838   -0.013644114
    -0.078091470   -0.031246252   -0.022076668
    -0.026928624    0.068780046    0.039381400    0.123577873   -0.112363793
    -0.013773850   -0.005930158   -0.494333685   -0.098485271   -0.017214371
     0.554056769    0.029176577   -0.018698143    0.646823816   -0.063667326
    -0.059215172   -0.029644755   -0.635260971    0.056324033    0.024875359
    -0.258284213   -0.005482678   -0.342262605    0.021321009    0.004283876
    -0.154911802   -0.001181882   -0.364936407    0.039859218   -0.055261764
     0.134713154    0.000586690    0.037922934    0.000522534   -0.002047060
     0.021546001   -0.028593374    0.003287303   -0.026920629    0.038416018
    -0.043745493   -0.001743608   -0.014183141    0.044412902   -0.024206024
    -0.170853599    0.000102994   -0.004979498   -0.566055538    0.293574445
     0.127842005    0.005659313   -0.002877447   -0.266811572   -0.320966736
     0.091765818   -0.013754401    0.018324048    0.623984924   -0.361743738
     0.121420213    0.012475845   -0.014115274    0.262956421    0.049427304
     0.062718952   -0.006545270   -0.030383391
    -0.042876523    0.142478238    0.075630842    0.468513031    0.200092243
     0.085642838   -0.011562285    1.587412360    0.767642616   -0.170791692
    -0.525945564   -0.013914303   -0.026350166    0.684066239    0.797947159
    -0.146322752   -0.049678227   -0.500000825   -0.050712186    0.220222549
    -0.229652890    0.008645337   -0.145001464    0.060423742    0.087094672
    -0.099711803   -0.087410045   -0.481080832   -0.642370761   -0.409499701
     1.606902097   -0.042342250    0.010385116   -0.036816735   -0.081569403
    -0.171120245    0.092286827    0.014895262    0.034830461    0.055926927
    -0.073358131    0.064065217   -0.034852216    0.186453984   -1.659045325
    -0.098182838    0.232177164   -0.061649884   -0.003340806   -2.351407871
     0.200303652   -0.034748566   -0.077245560   -0.282035118    1.526258033
    -0.161528268    0.025004339    0.101311900   -0.192633179    2.159773267
     0.031404118    0.069769279   -0.007616912    0.389582629   -0.701122598
     0.094384664    0.038856469   -0.073133684
     0.002635093    0.074615155    0.004917339   -0.000512561    0.065432902
    -0.000592148   -0.003825884    1.131903459    0.065325813   -0.062032724
    -0.368391958   -0.007296911    0.022330532    0.331199893    0.016783778
     0.009574215   -0.011287353   -0.882561318   -0.027964845    0.071328945
     0.149919716   -0.002684556   -0.310009172   -0.011556011    0.009337688
    -0.043110808   -0.015774319    0.302552006   -0.016729804   -0.169102445
    -0.642567834    0.025542413    0.094614872    0.005848807    0.003462793
     0.230808168    0.044392893    0.014506583    0.009918522   -0.000634715
    -0.174694003   -0.008695014    0.009381649    0.025497803   -0.226733205
    -0.144852367   -0.014680779   -0.001197446   -0.162897105   -0.320884782
    -0.019158435   -0.055249405    0.063646083   -0.157065029   -0.837506223
     0.242343535    0.204627833    0.085815537    0.069395038    0.503409866
    -0.028810236    0.063236514   -0.081793580    0.171931197    0.780411728
     0.229047924   -0.202722810   -0.092595675
     0.126101187   -0.073550224   -0.151079524    0.329355208   -0.000998351
     0.023362088   -0.015902536    0.000561001   -0.293084167   -1.314017188
     0.002155693   -0.132294605    0.357617176   -0.005325582   -0.319822910
    -0.098937378    0.012420596   -0.011779632    0.777879630   -0.004884420
     0.001175139    0.059093737   -0.005737990    0.249912813    0.095001326
    -0.000704831   -0.728586349    0.002052366    0.132187692   -0.026940125
    -0.011832557    0.067876959    0.000088867   -0.028688695   -0.011297044
     0.000604158   -0.000884990    0.019650977    0.578901597    0.437794130
     0.000068766    0.005098951    0.062447172    0.124887454    0.033898131
    -0.002290315    0.062149872   -0.034069408   -0.111134497   -0.036006577
     0.025863610    0.078035568   -0.017055413   -0.821536239   -0.058631527
     0.124918471   -0.088123206   -0.020022227   -0.089876710   -0.072129856
    -0.023524763    0.078448772   -0.017647857   -0.817877921   -0.035243580
    -0.122704538   -0.088280171   -0.020163998
     0.004468181   -0.607093039   -0.091099842   -0.501037575    0.047697349
    -0.062803660    0.036159020    0.207572488   -0.769744534    0.541095954
    -0.156762394   -0.189593615   -0.142432250    0.152908128   -1.438402726
     0.013463431    0.051579697   -0.115123548   -0.045805265   -0.556936507
    -0.132298163   -0.011126697   -0.058975098   -0.113727267   -0.150871402
    -0.052064462    0.184626351    0.003316291    0.967694219    1.439023113
     0.669443659   -0.023901311    0.021277420    0.048032911   -0.062514369
    -0.034454178    0.025106981   -0.089910978   -0.123966526    0.072738932
    -0.067363749   -0.049686135   -0.046082145   -0.414221618    3.204934506
    -0.019246784   -0.275772759    0.146575448    0.337426769   -0.980536358
    -0.078946153   -0.035521921    0.102608569   -0.130605142    0.221727875
     0.095576131   -0.037622421    0.020871994    0.161877182    0.277994275
     0.046459000    0.083613225    0.066743281    0.140778689   -1.043164720
    -0.051891065   -0.136637499   -0.066286189
    -0.029977801    0.050158135    0.031372414   -0.051505587   -0.144730992
     0.019340563   -0.005035129   -1.520222764    0.076920906   -0.045863998
     0.496682428   -0.044051692    0.011594320    0.262287522    0.063029251
    -0.045419473   -0.004977844   -0.434040386    0.027392776    0.027465160
    -0.463889424   -0.002255665   -0.193510548    0.010797436    0.003028193
    -0.118108848   -0.036121320    0.997661486   -0.056479832   -0.025832806
     0.061358024    0.009786081   -0.067431241    0.005403465   -0.010407379
    -0.164558861    0.098342659    0.003063762   -0.019336212    0.099600254
     0.121050991   -0.010858254    0.010626535    0.019907467   -0.110525556
     0.497390786   -0.001812654    0.001573616    0.079429412    0.573455326
    -0.276409682    0.219831876   -0.069172111   -0.018766376    0.395096631
    -0.071771278   -0.037349493   -0.037405147   -0.099263747   -0.623961449
    -0.284651549   -0.177059668    0.059383155   -0.002117265   -0.301302074
    -0.079213678    0.045232748    0.043062645
    -0.511869955    0.207918167    0.400873185    0.035470982   -0.007817808
     0.125261370    0.088068064   -0.060800926    0.239618371    0.961578625
    -0.023215453   -0.400218868    0.112615515   -0.177128922   -0.751718703
     1.870003352    0.200761071   -0.029544176    0.477529884    0.062474355
    -0.027771942   -0.020289263   -0.019595090    0.191446207    0.030348237
    -0.016635570    1.232791794    0.108549622   -0.275386590    0.050568033
     0.050141761    0.158400543   -0.006933890    0.041726072   -0.034494481
    -0.013556682    0.016783196    0.063066738    0.262303345   -3.042453867
     0.002481285   -0.039716575    0.168610679   -0.163267692    1.152295261
     0.007914696   -0.065184817    0.054312288   -0.128928749    0.769883839
    -0.135004349   -0.049020863    0.017927194   -0.008222990    0.357321926
    -0.147450068    0.132537407    0.060279271   -0.044139278    0.461919879
     0.129302334   -0.046790374    0.024790418    0.068703778    0.031680465
     0.097198154    0.104304595    0.049920570
    -0.018178571   -0.125327123   -0.001968105   -0.000020970   -0.022589564
    -0.022822185   -0.001194916   -0.024099063   -0.032777554    0.020955533
     0.055345869   -0.005912161    0.013460200   -0.054068951    0.048308099
    -0.039566460    0.022697594    0.169897644    0.339190827   -0.133919984
     0.307703044    0.002332977    0.063119690    0.088164963   -0.008750233
     0.017081817   -0.044336050    0.067786867   -0.140580394   -0.010318369
    -0.052654855   -0.030105898   -0.329200501   -0.420781981    0.175126859
    -0.280631791    0.132666916   -0.169862152   -0.009468857    0.081902134
    -0.369203305   -0.562646745   -0.017613552   -0.021316476   -0.026340725
    -0.120994766   -0.078075036    0.014559060    0.073960555    0.016436286
     0.003813483   -0.053598806   -0.091295488    0.051675637    0.183452145
    -0.099215920    0.097751615   -0.006526917    0.173378812    0.043550496
     0.122692153   -0.195008825    0.214516063   -0.208233080   -0.144591245
    -0.087946967   -0.223462807   -0.078975039
    -0.005826085   -0.311539262   -0.084774380   -0.003941066    0.001225788
     0.067895921   -0.383304166    0.007047028   -0.234226139   -0.249713629
    -0.000792080   -0.000889407    0.867395833    0.005607218    0.031476442
     0.068336244    0.082858327   -0.001791945   -0.082309535   -0.753020330
    -0.002608838   -0.047336179    0.000787679    0.061334944   -0.671452580
    -0.001881809   -0.048030661   -0.005072841   -0.018083033   -0.049432957
     0.002975566    0.017021058   -0.000042304   -0.000875288   -0.020869940
    -0.000008274   -0.000104407   -0.036144574   -0.263813100    0.140859817
     0.000241600    0.004405795   -0.001522557   -0.272488550    0.227663507
    -0.000097833    0.018925915   -0.004146698    0.089034956    0.152428353
     0.004722413    0.015016157   -0.004181781   -0.091671656    0.117913249
     0.001673485   -0.001789491   -0.000930006    0.085220968    0.176610545
    -0.002584073    0.014175795   -0.003674799   -0.087394166    0.116575896
    -0.001899508   -0.000460715   -0.000702229
    -0.151631123   -0.885497101   -0.001523404   -1.168677638    0.002484986
     0.043279159    0.098322601    0.008614906    1.255126173    2.067251771
    -0.016236408   -0.178921292   -0.580506538   -0.015884781    0.039207356
     0.334416350    0.156451663    0.047695208    0.364871132    0.094531278
     0.032280159   -0.001417494    0.021668360    0.235880033    0.034621149
     0.013698972    0.915027857    0.002600435   -0.511208947   -0.379438590
    -0.043554245   -0.187820538   -0.001728158   -0.026954556    0.009391451
    -0.005524094    0.002723942    0.030708211   -0.538450836   -0.636819031
     0.001222674    0.028250001   -0.086888998    0.450389656   -0.353679074
     0.004019509    0.052618622    0.006661367    0.440256285    0.410492729
    -0.080258006   -0.021277341    0.023166846   -0.147515506    1.616429041
    -0.017016988    0.126810625    0.070400882    0.390431955    0.402140235
     0.068757458   -0.014737710    0.028664732   -0.198070423    1.679074793
     0.010068791    0.122863802    0.068808809
     0.034263601   -0.100187633   -0.071389300    0.024202022   -0.000207754
    -0.067056464   -0.377140312   -0.008641357    0.172607706   -0.523752576
     0.000599247    0.036030514    0.906865865   -0.004001688   -0.006777079
     0.007801556    0.184872687    0.002238635    0.010744035    0.839209870
    -0.000983830   -0.060581666    0.000657441   -0.087092895    0.682757676
    -0.000704380   -0.124168404    0.003829170    0.009410762    0.034168012
    -0.001854191    0.036527325    0.000057885    0.000676901    0.024094162
     0.000028573   -0.000254839    0.031838080   -0.451483172    0.431448197
    -0.000176996   -0.004213893   -0.031552670    0.266011250   -0.053259586
     0.000106138   -0.010300129    0.003300173   -0.136933213   -0.050745170
    -0.002981688   -0.012454409    0.002139332    0.102059721    0.029429576
     0.016048000   -0.005272878    0.000077103   -0.138455785   -0.066927456
     0.001242035   -0.011228529    0.001810953    0.100881350    0.026503043
    -0.015897934   -0.006116313    0.000293105
     0.083457603    0.589408628   -0.050049180   -1.536838329   -0.003332480
    -0.193492883    0.006256745    0.248225508   -1.108999651   -0.323991441
     0.048962984    0.433205270    0.124979551   -0.082390266   -0.217835092
     0.717081207    0.036404686   -0.275284348    0.148324241    0.273001827
     0.009205404    0.016272271   -0.045949021    0.001921209    0.087382412
    -0.009604545    0.251350577    0.075472258    0.292654400   -0.065443863
     0.095466082   -0.058052295   -0.022485389   -0.080922825   -0.045659869
    -0.012628431    0.060656112   -0.237411978    0.051691888   -0.169553433
     0.056201474    0.157375241    0.017877535   -0.006813113    0.891767564
    -0.073036617    0.106788012    0.078770943   -0.220723786    0.496679948
    -0.007861440    0.331430517    0.173313010   -0.263935053    0.002830878
    -0.114566859   -0.522974262   -0.016769874   -0.023282179    0.724451524
     0.219508705    0.141090220    0.232232545   -0.137001183   -0.190858586
     0.108891430   -0.418891798   -0.076029968
    -0.013100015   -0.158919242   -0.028396564   -0.407520964   -0.003160973
    -0.018181267   -0.005694937   -0.043173392   -0.382340029   -0.639746765
     0.036487121   -0.078754288    0.009962824    0.042393775   -0.078470467
     0.205884948   -0.513960600    0.002094594   -0.055816127   -0.013908740
     0.156512719   -0.095214710    0.006108849   -0.073541335    0.022425818
     0.014785426    0.134294195    0.007362904    0.378894970   -0.047278546
    -0.009953590   -0.219673076    0.009198765   -0.010304386   -0.411023653
    -0.156643177    0.124139591    0.518120463    0.317090084    0.371139952
    -0.016232776   -0.108131922   -0.553838372    0.049661814    0.487691420
     0.007625979    0.034730174    0.101863807   -0.256366258    0.189035362
     0.024936290   -0.303636886    0.041914018    0.068429002   -0.199507351
     0.189667340   -0.020149470    0.072579205   -0.194779694    0.305575676
     0.129518029   -0.261277268    0.055560877   -0.108549851   -0.273367993
    -0.232149605   -0.149279734    0.025536886
    -0.081897709    0.213089031    0.116065840    0.877063825   -0.107165111
     0.119850333   -0.049141918   -0.609549189    1.048483588   -0.699177121
     0.337540317   -0.108757113    0.012058160   -0.526681163    1.009498605
    -0.401861795   -0.624573740   -0.045857284   -0.288295660   -0.018420400
     0.385092211   -0.140867930    0.018951785   -0.012656557   -0.021877460
    -0.002929460   -0.166678894    0.529852757   -0.644185681    0.712438858
    -0.045454325    0.094231773    0.069526973   -0.090252981    0.202432763
    -0.162572653    0.221713920    0.192229307    0.170286109    0.547064468
    -0.017879747    0.191465380   -0.339266646   -0.175722188   -0.806799843
     0.036054924    0.318179198    0.108568553    0.024033580   -1.157530780
     0.162168210    0.159132031   -0.377409137   -0.080497604    1.521642854
    -0.224660635    0.302293286   -0.099423088    0.268710698   -2.136965400
     0.342107860    0.146631481    0.019522725   -0.221986206    0.313064948
     0.060996241   -0.097720349   -0.210056270
     0.043135773   -0.062202546   -0.051584906   -0.527562777    0.038214093
    -0.019169569    0.021244896    0.229193575   -0.631715145    0.286754202
    -0.021289284   -0.078426587   -0.079534744    0.507815825   -0.387394841
     0.200136229   -0.093634149    0.337556978    0.121355554   -0.002048845
     0.117713303   -0.015357892    0.103096406   -0.024604515   -0.010942171
    -0.041688583    0.118549542   -0.407911122    0.292386520   -0.211372903
     0.119040071   -0.136723780   -0.153350681   -0.035145593    0.042997165
     0.390241098    0.509190827    0.055996473    0.066967297   -0.158953191
     0.182557946    0.037317701   -0.001962259    0.000010702    0.698315055
     0.148189027   -0.221168790   -0.063274766    0.101363052   -0.110870157
    -0.061015070   -0.063619198   -0.483869134    0.054988595   -0.362301468
    -0.026687011    0.103603807   -0.204622383   -0.201758510    1.285139571
    -0.126721095   -0.061449188    0.437890601   -0.057530563   -0.388637941
    -0.206381244   -0.120711390   -0.256966402
    -0.053938122   -0.145982452    0.027730739    0.002554098   -0.025227937
    -0.014568826   -0.001264883    0.370447802   -0.098460131    0.119341766
     0.119620829    0.001410678    0.004706708    0.034155356    0.007309114
    -0.131172939    0.104051420   -0.524460250    0.125964669    0.177693025
    -0.227733701    0.019163021   -0.110633327    0.022905900   -0.004362121
    -0.072829566   -0.110051904    0.064843447   -0.098924745    0.035111763
     0.106030961   -0.008602149   -0.062153078    0.090968367   -0.090970176
     0.111050425    0.528877181    0.096890246   -0.073395077    0.145907930
     0.119801695   -0.020496771    0.046415696    0.106896654    0.228490521
    -0.025228348   -0.245737402    0.138311938   -0.128028694   -0.422799906
     0.320275986    0.266474207    0.264971068   -0.157090602    0.226326433
    -0.281804539   -0.026552146   -0.295796161    0.149534963    0.157076379
     0.172551202   -0.356417018   -0.358021879    0.165856655   -0.134284052
    -0.132279713    0.047318985    0.273921492
    -0.039328845    0.257849811    0.069412056    0.158547974   -0.001384619
     0.025222556   -0.003952025   -0.148770223    0.357106192    0.392629251
     0.048159990   -0.092916204    0.068731715    0.007722391    0.129351707
    -0.056801715    0.313449000   -0.095550312   -0.217929127    0.079372092
    -0.308531347    0.046746203   -0.028301280   -0.066050329    0.055326912
    -0.008183030   -0.123322504    0.036542627    0.004976831    0.068205724
     0.050218945    0.117270506    0.005888390   -0.541840967   -0.333799937
     0.262759937   -0.109995788   -0.278226862   -0.171993959   -0.322489423
     0.244129771    0.125433532    0.393490931    0.047841665   -0.290995462
     0.127394895    0.128238834    0.023269136    0.072045652   -0.035700824
    -0.318374082   -0.164825452   -0.107273593    0.008690967   -0.013715491
     0.065760880   -0.181217879   -0.130401933   -0.054828368   -0.279631966
     0.202058074    0.021309671   -0.331949658    0.221587085    0.241730861
     0.196079430    0.127111285    0.083648132
    -0.066852295   -0.083090109    0.051852413   -0.009666057   -0.025624381
    -0.005107308    0.000891039    0.073807638   -0.147272298    0.056627853
     0.049175562   -0.002887405    0.035967543   -0.118672729   -0.026387548
     0.039531318    0.082694128   -0.378246975    0.033407336   -0.052852111
     0.395641944    0.013721408   -0.106395304   -0.003015113   -0.013515584
     0.228633382   -0.009119198    0.450607482    0.045102754    0.006145658
    -0.281255401   -0.099158565    0.072759391    0.021978772    0.071555835
    -0.283878757    0.031233555    0.002681132    0.011360154   -0.062626238
    -0.069101515   -0.009730257    0.027263281    0.028571380    0.113404973
    -0.482524232   -0.041355971    0.045927796   -0.229180400    0.589395593
    -0.103736804   -0.355179480   -0.096174282    0.190152111   -0.432863507
    -0.081808422   -0.294473820   -0.277667148    0.358161945   -0.495817341
     0.008884289    0.376121209    0.188593159   -0.161963613    0.342531247
    -0.131045516    0.367471469    0.221403600
    -0.017584387    0.159013070    0.038631359    0.149819995   -0.010253441
     0.032295682   -0.010499411   -0.056710993    0.269319536   -0.206121804
     0.068714209   -0.047131504    0.038629432    0.046247780    0.159927158
    -0.003452284   -0.033229584    0.275373091   -0.200241425   -0.007124736
    -0.305317055   -0.006128363    0.094043062   -0.047975689    0.001139063
    -0.013193267   -0.005642066    0.025876555   -0.097193672    0.079332491
     0.081392913    0.028692719   -0.752437918    0.109193422   -0.033691487
     0.204006272   -0.226012232   -0.032096393    0.025813329    0.008523514
    -0.209950869    0.370780790   -0.022497326   -0.040293290   -0.294347013
    -0.108318906    0.146089561    0.090022193    0.137836333   -0.211922190
    -0.232226321    0.050022970   -0.244051221   -0.088462288    0.083236671
     0.158864391   -0.010002532   -0.257125574   -0.163871934   -0.239346216
    -0.171747305   -0.035126183    0.103171072    0.121357833    0.171621098
     0.086594309   -0.005546823    0.444164534
     0.021753373   -0.093111540   -0.030915344   -0.056547690   -0.063747548
    -0.011130546    0.007065181   -0.933163558   -0.115487001    0.058084114
     0.376087418    0.043034430   -0.021322187   -0.125193475   -0.060323823
     0.035656529    0.020049434    0.030182308    0.107140863    0.025192842
     0.166515800    0.006026560    0.036438170    0.035645887    0.000335303
     0.044786855    0.039693385    0.327109220    0.036684562   -0.089860737
     0.032990054   -0.021756489   -0.428770823    0.054202756    0.084196395
    -0.137570658    0.116753147    0.058042726    0.000885960   -0.031077451
     0.300471713   -0.131217718   -0.012530122    0.036985425    0.045537569
     0.404621843   -0.064460953   -0.108335219    0.014850401    0.548523547
     0.286690548   -0.364635179    0.116087115    0.159240332    0.096726116
     0.191918286    0.010773576    0.046776479   -0.026356957   -0.226610783
     0.197079069    0.472348597    0.025320268   -0.179127794   -0.200523689
     0.235680768   -0.032101403    0.010132256
    -0.457027272   -0.008071503    0.471785496   -0.042850437    0.004845024
     0.016946502    0.088863840    0.009639316   -0.184260392    0.793402404
    -0.012199700   -0.056926150   -0.461268379   -0.000407438    0.160092359
     0.205507144    1.133783410   -0.011004943    0.044201643    0.223048691
    -0.004288638    0.501164879   -0.003381168   -0.015618444   -0.036232926
    -0.000706984   -0.405767152    0.007127756    0.029106621    0.032796845
     0.003808436    0.131577044   -0.000390690   -0.009039149   -0.016484795
     0.003657843   -0.000155235   -0.057226304   -0.151265310   -0.668965468
     0.000461657   -0.025465758   -0.328172564    0.142737996    0.573738745
     0.001010249   -0.025395086   -0.003517435    0.203019524   -0.254233050
     0.065886191    0.110027405   -0.007824386    0.170419108    0.190352081
     0.124708592   -0.088419556   -0.000877092    0.213023270   -0.258470141
    -0.062562763    0.099612287   -0.008251294    0.182957259    0.175810282
    -0.123617222   -0.087068321    0.000956176
    -0.100565806    0.342862356    0.134128720    0.224610053   -0.057352854
     0.008639362   -0.021423717   -1.123264791    0.435652599   -0.078353802
     0.116783660   -0.037038394    0.056350809   -0.893108443    0.537009112
    -0.188369505    0.148870694    0.431475113    0.168433153    0.296165720
    -0.188986639    0.033211170    0.098437938    0.051827690   -0.013025745
     0.049928106   -0.204109076    0.456078258   -0.608511359    0.275621619
     0.164910656    0.110926220    0.124346387    0.088805469   -0.295552907
    -0.007586877    0.216761753    0.217116471   -0.126202275    0.114061426
    -0.093478032   -0.006324130    0.181632789    0.138290696   -0.180674084
    -0.032958629   -0.317204471    0.104697933    0.045247754    0.240617864
    -0.085168537   -0.000147747   -0.061173223    0.054667591    1.008801017
     0.302797794   -0.087075503   -0.043667487    0.020617146   -2.108117918
    -0.527956898   -0.132774433   -0.030910155   -0.193849773    0.119917439
     0.579722549   -0.062669711   -0.082714114
    -0.042114317    0.081669365    0.049108696    0.161811155   -0.036585405
     0.024258170   -0.018645022   -0.091970912    0.215523088   -0.405049007
     0.116746139   -0.037584750    0.047882157   -0.091479308    0.184376512
    -0.045402051   -0.180370267    0.006506119   -0.021684858    0.009512427
    -0.345210455   -0.035651930    0.030747815    0.002191828   -0.013785804
    -0.010636522   -0.019810220    0.082196264   -0.192432761    0.043575010
    -0.081148056   -0.010524928    0.108235847   -0.032218770   -0.038166751
     0.547134044    0.212088891   -0.056080745    0.090749408    0.210399494
    -0.515972389    0.123012415   -0.172007786   -0.017094019   -0.312420281
     0.347169450    0.015310638    0.118293519    0.047849115    0.002249340
    -0.022473676    0.005454324    0.099043366   -0.125419208   -0.115379446
     0.000950170   -0.447663227    0.268104785   -0.055686977   -0.548426175
    -0.118859045    0.074758324   -0.092166953    0.049161835    0.368798117
    -0.075019846    0.501239503   -0.177337345
     0.223438773   -1.417150469   -0.120713448    0.009239303   -0.003372175
    -0.017992353   -0.013125460   -0.019516758    0.321952192   -0.721987544
     0.005479893    0.034048351    0.414941703   -0.008663797   -0.025335731
     0.400429030    0.005935832    0.009786379   -0.013071124   -0.025526229
    -0.002092302    0.086038678    0.004609674    0.073552343   -0.069196954
     0.002088373    0.205785263    0.009173709   -0.161120962   -0.050144605
     0.000249186    0.007725690    0.000399213    0.005057209   -0.009933995
     0.000184839   -0.000512324    0.008611557    0.337564550    0.352288955
    -0.000010690    0.011958521    0.028598716    0.343140348   -0.161072606
     0.000445367    0.039757000   -0.019498261    0.322902491    0.087662401
    -0.020296128   -0.046768183   -0.012956584    0.436102940    0.190384146
    -0.052484356    0.027658968   -0.011098408    0.320041928    0.054798324
     0.017296142   -0.045458210   -0.013331724    0.447719597    0.158452901
     0.054526045    0.029325187   -0.012022355
     0.151315433    0.298166021   -0.093982406   -0.275011406   -0.029904143
    -0.006950892    0.031605673   -0.081639614   -0.224279524    0.945367129
     0.093889461   -0.024861045   -0.084012942   -0.012530203   -0.256197048
     0.073819134    0.503263110    0.080783500   -0.223810927   -0.066088063
     0.666716529    0.099542191    0.040714345   -0.085780058    0.018883188
     0.045492281    0.001493318    0.055609696    0.313140431   -0.030707236
    -0.195512751    0.195320988   -0.010509811    0.170988076   -0.154390322
    -0.554928310    0.329774245    0.033969085   -0.301018632   -0.646941011
    -0.350254824    0.237181556    0.627197621   -0.012745177    0.433132973
    -0.019245332    0.069649550   -0.272563889   -0.169424400    0.290271544
     0.203265445   -0.070822990   -0.122041281    0.414213191   -0.042485013
    -0.187798589    0.221193258    0.022843120    0.130084211    0.367150533
     0.336683710   -0.053746248    0.029191467   -0.183003163   -0.317270127
    -0.190177504   -0.230944145   -0.486992274
    -0.076053925   -0.062179405    0.056395174    0.031529693    0.006486531
    -0.012599424   -0.007115493   -1.095465979   -0.178851453   -0.199764556
    -0.111032964    0.068512360    0.078703700    0.435867912    0.023409158
     0.115291190   -0.083909517    1.261857375    0.033081248    0.092713627
    -0.012362397   -0.026416620    0.246355892    0.009758867    0.031174341
    -0.007304363    0.061525013   -0.363634972    0.081166973   -0.166520546
    -0.020327748   -0.085912730    0.324263174   -0.043698004   -0.036714392
    -0.163130354    0.179182097   -0.157143232    0.103994911   -0.032698992
    -0.441395646    0.026773174   -0.115330741    0.111488129   -0.241860356
     0.344401438    0.017201216    0.014931075    0.444517163    0.246893009
    -0.419591671   -0.046263861    0.249599955    0.333496597   -0.017834158
    -0.040952533    0.414815691   -0.133948927   -0.493916083    0.168265351
    -0.179857881    0.405787975   -0.116067371   -0.355839377   -0.175824448
     0.004933261   -0.391648649    0.231847127
    -0.217388528   -0.130085962    0.181635675    0.438360366    0.003301217
    -0.010524353   -0.028586786    0.194573788    0.167955120   -0.263246504
    -0.033299886    0.196971222    0.138012511   -0.032252600   -0.031704586
    -0.181990007   -0.006959476   -0.115286787   -0.277803866    0.358253722
    -0.013334191   -0.017594940   -0.027988114   -0.015463870   -0.009267690
    -0.000853963   -0.146521272    0.002787965    0.123732551    0.032800283
    -0.069012795   -0.059167646   -0.127067427   -0.374214035   -0.621633181
     0.044930542   -0.048934115    0.252589652    0.026301314    0.231872652
     0.038567421    0.172388856   -0.075348949    0.178592275    0.009282918
    -0.099308803   -0.328873318   -0.286345957   -0.167135107   -0.481252595
     0.215673664    0.389086013    0.199098435    0.124987828   -0.035278604
    -0.243278738    0.300317826    0.060637797   -0.059723599   -0.507687630
    -0.238197207    0.259723485    0.238029533    0.233308154    0.115524862
     0.160086180    0.367018927    0.108080389
    -0.158306170   -0.757800193    0.048540906   -0.040609085    0.071779228
     0.042707152    0.029737902    0.355414167   -0.876003586    0.659213162
    -0.241430961   -0.330927184   -0.001639947    0.284013784   -0.301430482
     0.084459039    0.210136783    0.025575332    0.097892111    0.010635612
    -0.432536450    0.013019412   -0.019146752   -0.089057793    0.007245266
    -0.020576531    0.075458994   -0.334794013    0.429427374   -0.265175068
     0.077683168   -0.279219778   -0.053771951   -0.071110226    0.389685054
     0.169003173   -0.266391852    0.382996182   -0.004774277   -0.282663438
    -0.013157316    0.139848206    0.059066567    0.203776060    0.763604902
     0.018583529   -0.310551332    0.275606597    0.230652301    0.460901432
    -0.531040434   -0.033231886    0.394366703   -0.009857242   -0.874538018
     0.167245151   -0.129081687   -0.333042653   -0.004792291    0.963374752
     0.128639249   -0.078357221   -0.080740801    0.221251361   -0.097839626
     0.066595605    0.205682249   -0.234182760
    -0.076320973   -0.002521472    0.073931727    0.105269130   -0.016103573
     0.065096008   -0.022063118   -0.322774673    0.004542250   -0.413964678
    -0.019507488   -0.299738056    0.129071363   -0.155200623    0.134534438
     0.018304188   -0.016009719    0.006906924    0.200695123   -0.309147353
     0.466126871   -0.010754173   -0.029285104    0.003039696   -0.097526672
     0.036163480   -0.007372531    0.132123638   -0.325628432   -0.012632157
    -0.049396694   -0.110725466    0.018459518   -0.429161103    0.264503133
    -0.418266311    0.209046412   -0.201329463    0.068083529    0.166028103
     0.112492763    0.585495660   -0.113456070   -0.113359887   -0.072990050
    -0.105308421   -0.285862961    0.098941612    0.077046764    0.011862052
     0.150082027   -0.241378424    0.163550225    0.133072741    0.282427524
     0.177869891    0.184475056    0.326673487    0.330667674   -0.377887045
     0.059847572   -0.161033731    0.132447598   -0.258447529   -0.325369461
    -0.356032858   -0.270747621   -0.072911855
    -0.188358057   -0.635506359    0.088940500    0.190011453   -0.014018485
     0.016945654    0.002652544   -0.059761135   -0.038595940    0.099842197
     0.026115808   -0.125087978   -0.038583664   -0.080969782   -0.114126317
    -0.075158495   -0.364704196   -0.002795819    0.233079311    0.055012382
    -0.089901182   -0.093834294    0.000600391    0.036327042    0.029069487
    -0.006393480   -0.024557092    0.087348180    0.198297656    0.049494319
     0.037918145   -0.331004483    0.053203682   -0.262386383    0.146730369
     0.082297334   -0.009852884   -0.026028854    0.219858394    0.187634150
    -0.093122671    0.051982026   -0.326819065    0.085585164    0.258015860
    -0.001940916   -0.397122230   -0.653252214    0.095144368    0.197936655
    -0.337517092   -0.118750682   -0.197645003   -0.039935228   -0.035784243
    -0.183070179   -0.247213638    0.223912776    0.067100578    0.010354211
     0.265006265   -0.157307810   -0.194293362    0.045448312   -0.162515385
     0.174857857   -0.132401875    0.259056669
     0.026290885   -0.243574296   -0.059606296   -0.236464375   -0.079819700
    -0.008351968    0.016421561    0.144044772   -0.398645454    0.339666551
     0.506147184   -0.086941160    0.023088863   -0.360011139   -0.252656317
     0.062589321    0.325274225   -0.304035537    0.129097584   -0.094744390
    -0.409840358    0.059558992    0.058394984   -0.007772843   -0.017761448
    -0.080892331    0.022799781    0.429130148    0.148609769   -0.237374403
     0.315854066   -0.011339874    0.283121533   -0.068385694    0.051510951
     0.188899800   -0.348997819    0.002797850   -0.127674942   -0.141371796
    -0.301488078    0.071213636    0.165388928    0.059116033    0.324691810
     0.278995223   -0.194128068    0.035522555    0.083065767    0.397740389
     0.354107676   -0.043631612    0.005721869   -0.248523723    0.042788540
     0.310115543   -0.133672989   -0.347601988   -0.007009346    0.642809365
     0.376372014   -0.189025002    0.352139289    0.346675706   -0.588050580
     0.116502790    0.136011342    0.365641870
    -0.415197115    0.292096743    0.393433933    0.102587364   -0.068989006
    -0.050649607   -0.024590375   -0.118982067    0.121444322   -0.307838823
     0.736740135    0.132385437    0.041706115    1.589672756   -0.082975980
    -0.248702067   -0.024468472    0.084122330    0.147891279   -0.203942882
     0.310146517    0.020467927    0.181597061    0.050981215   -0.003641127
     0.114583925   -0.280654505   -0.575879117   -0.355193283    0.067653715
     0.025053016    0.027156716    0.103362903   -0.031125953    0.042701709
     0.027980642   -0.048032440    0.062594010   -0.007349639    0.404534827
     0.019671865    0.039040781   -0.078613217   -0.037124009   -0.484409176
    -0.286865923    0.040890337   -0.049286731    0.418641537   -1.545261452
     0.139169284    0.087338296   -0.014642694    0.374536826   -0.945351373
     0.284439380   -0.063835853    0.045683609   -0.496225557    1.442192445
     0.308030864   -0.090472627   -0.002943909   -0.373053911    0.691498340
     0.183637480    0.106794880   -0.086265981
     0.069173767    1.078884421    0.081902518    0.684607559    0.015694423
     0.073549505   -0.088838992    0.095314648    2.130595275   -1.311595795
    -0.031879105   -0.508120207    0.360921712    0.005574925   -0.118902078
    -0.230810583   -0.171422531   -0.031114091   -0.881071171    0.306122519
    -0.005690315   -0.020282042   -0.005109494   -0.305782194   -0.067043852
    -0.011533885   -0.525351166   -0.025481416   -0.199465922   -0.487683338
     0.282427885    0.174726024   -0.002836600    0.056499422    0.110793736
    -0.053330008    0.028908716    0.107185811    0.195998882    0.409657942
     0.003036250   -0.095493148    0.044467220   -0.267973108   -1.736122517
    -0.007138061   -0.115562286    0.013371740   -0.169404467   -1.169408659
     0.130737039   -0.015686435   -0.123099573    0.081449557    0.505159590
     0.045985098   -0.006107895   -0.021098242   -0.185803614   -0.673949794
    -0.055217393   -0.023395130   -0.087760341    0.160005211   -0.109381636
    -0.107447829   -0.018338284   -0.054716272
    -0.287994800   -0.534928410    0.181923026    0.429807828    0.003614865
     0.014921677   -0.037387086    0.097437749   -0.126538605   -0.313523726
    -0.011902943   -0.111113692    0.207462709   -0.136803014    0.480103953
    -0.239050915   -0.176902158   -0.142259278    0.345096886   -0.599439067
    -0.027013248   -0.072972332   -0.032852430    0.043330369   -0.026384738
    -0.012362868   -0.230979805    0.060054552   -0.264159645   -0.027979033
     0.087549488   -0.225507877   -0.057625793    0.389904100    0.108281362
     0.022239235    0.049332170   -0.656534979    0.142647103    0.463732857
     0.102377267   -0.144095207   -0.276462642    0.112146260   -0.796574078
    -0.033820976   -0.093589835   -0.170636200    0.305327747   -0.016773365
    -0.525684356   -0.054090172    0.388111193   -0.248851468    0.200851588
     0.093567977    0.093580330   -0.194694384    0.434288836   -0.051020443
     0.571575850   -0.162228609    0.433877192   -0.138866896   -0.043437890
    -0.039559495    0.128573557   -0.256322359
     0.033011535    0.597614641    0.061529626   -0.296457095   -0.025353163
     0.134081946    0.005773139   -0.182984899   -0.083077774    0.197374017
     0.028492263   -0.433688968    0.035908780   -0.174625848    0.829986147
     0.314191501    0.089863683   -0.009111930    0.939662579   -0.189080596
    -0.066559735   -0.022696856   -0.011150044    0.185496995   -0.066027966
    -0.020973450    0.332415585    0.142116976   -0.558718411    0.328091468
     0.135815417    0.075792656   -0.000881324   -0.005361354   -0.038199457
     0.082214320   -0.021397826    0.190297370   -0.086048132   -0.592315701
     0.007020340   -0.279023541    0.386703327    0.403267727   -0.326682048
    -0.044887647   -0.302258144   -0.101697700    0.164166351   -0.229285223
    -0.094902824    0.353599365   -0.042949578   -0.403245499    0.927684191
     0.492322372   -0.147250967    0.061563190    0.130817268   -0.485462888
     0.075109830    0.307124698   -0.100879611   -0.248401929    0.325219999
    -0.544532684   -0.170485525    0.059022825
    -0.091078323   -0.596022727    0.014109293    0.746016277    0.005152570
    -0.021196238    0.011956408    0.035675268   -0.086845445    0.615927975
    -0.020679718    0.050271991    0.190192583    0.075715829   -0.052472529
    -0.233110013    1.149289909    0.075236703    0.013288781   -0.006616232
     0.195409775    0.204511774    0.017025067    0.007121438    0.031833584
    -0.003248207   -0.168635708   -0.078512699    0.147003874   -0.067596161
    -0.012916829    0.200475115   -0.016345358   -0.003211526    0.103500189
     0.028998994    0.265422436    0.140160949   -0.483339297   -0.352659181
     0.059702253   -0.050497649    0.552920265    0.275737117   -0.166467750
     0.006949108    0.035359948    0.308993929    0.170856560    0.009639491
    -0.263673082   -0.045160460    0.183021658    0.283976793   -0.094559131
    -0.174074688    0.047112953    0.589694197    0.208767037    0.276310959
     0.272094840   -0.075699903    0.503188126    0.145387802   -0.257244198
    -0.016230614   -0.105923499    0.368162519
    -0.166301859    0.613676221    0.224652381    0.281736478   -0.060049848
     0.003881226   -0.036175412   -0.861198554    0.713113607   -0.322488112
    -0.004254098   -0.020614495    0.108682391    0.166990175    0.738554052
    -0.202347103    0.151144628    0.391817604    0.130828462   -0.016454158
    -0.113186235    0.041251436    0.014582991    0.054945772   -0.045593662
    -0.036422222   -0.276302227    0.156882081   -0.833517953    0.486726492
    -0.004971806    0.137208770   -0.007869309    0.075733826   -0.127686726
     0.249019702   -0.405459814    0.116428743   -0.122151767    0.187691312
    -0.039726561    0.021129946    0.187769869   -0.066586006   -0.357435624
     0.085816343   -0.146687907   -0.012664032    0.465641870   -1.041264624
    -0.006304687   -0.484534739    0.212722749   -0.226616763    1.076812741
    -0.353386595   -0.041363889   -0.147124350   -0.120211527   -1.593440634
    -0.388800726    0.054283157   -0.040566552   -0.060706823    0.464614346
    -0.141454292   -0.232424171   -0.059868178
     0.219500126   -0.498569161   -0.262069103   -0.296266649   -0.368918801
    -0.007527820    0.026262741   -3.593578082   -0.588129590    0.344567829
     0.724852803   -0.022121771   -0.066868458   -1.652395547   -0.390183024
     0.096168049    0.033163794    0.617891624   -0.023653729    0.303098569
     0.040454182    0.002031793    0.056220372   -0.035926634    0.062256218
    -0.025396614    0.119157403    1.772056850    0.497075549   -0.535668352
     0.564807189   -0.063342855    0.063613831    0.043375005   -0.089617501
     0.122329445   -0.051254991   -0.019279120    0.001270167   -0.079614940
    -0.066339720   -0.025796802   -0.048297540    0.191545329    0.283576853
    -0.225697613   -0.098338208    0.122814160    0.073770957    3.358420344
    -0.278948261   -0.097961722    0.094360377    0.087768274    1.899681193
    -0.145209468    0.318587650    0.168846796   -0.411467884   -1.459024674
    -0.202713688    0.206594037   -0.143195879    0.116532897   -2.878705236
    -0.050110745   -0.265796430   -0.167725337
    -0.303833379   -0.719980914    0.167115562   -0.086474069    0.060386975
    -0.069280201   -0.002463006    0.753625592   -1.095857919    0.146010033
    -0.087282862    0.012840851    0.096671577    0.406555803   -0.161663321
    -0.078863486    0.005268796   -0.135061492    0.564198031    0.992146530
     0.306902906   -0.029790834   -0.000076114    0.058615941    0.077239723
     0.021036913   -0.092270638   -0.344361208    0.153870058   -0.242994110
    -0.162363899   -0.282187968   -0.048792848    0.187314053   -0.610860998
    -0.230499153   -0.069144377    0.191148065    0.056240454    0.273270331
    -0.005497504   -0.051846351   -0.164189406    0.742591486    0.784346898
     0.013362433   -0.934736585    0.644275601   -0.237511450   -0.358120025
     0.140548096    0.168409244   -0.395719569    0.104245904   -0.731870956
    -0.288061948    0.025251399    0.144508877   -0.081429420    0.904074430
     0.244046217    0.266420930   -0.120491570   -0.064364744    0.104422681
     0.132717299   -0.059429273   -0.029535525
     0.412377929   -0.303557719   -0.486115731   -1.643480885    0.037052650
    -0.250906806    0.017157464    0.185761194   -1.817743062    0.367066892
    -0.106931420    0.883499669    0.137379820    0.142776841   -0.117941587
     0.302460493    0.090100828   -0.010133973    0.349635033   -0.016800735
    -0.106917563   -0.033822838   -0.013106098    0.133228668   -0.089015828
    -0.017937481    0.069983761   -0.109306036    0.579844814    0.070445652
     0.298526651    0.341309687    0.000492953   -0.034926114    0.227017450
     0.002073809   -0.023723367    0.143838139   -0.167818869    0.164224579
    -0.023046734   -0.006866091    0.134458523   -0.139978482    2.035692779
    -0.004067796   -0.191465054   -0.042867468    0.151732589   -0.001939997
    -0.153606297   -0.076250852   -0.070888777   -0.408403752    0.299282608
     0.131438767    0.305851400    0.131967175    0.039871729    0.696948486
     0.081928317   -0.016801081   -0.110369738   -0.293474916   -0.042411529
    -0.100585904    0.344759937    0.115827517
    -0.731462886   -0.133030915    0.660275876    0.093257691   -0.038577942
    -0.088711388   -0.032693617   -0.364210783    0.092329372   -0.334584967
     0.081938148    0.455251671    0.323258055   -0.244338456    0.100331094
     0.139025159    0.386350184    0.036461354   -0.293749097   -0.153554518
     0.002018351    0.098719114    0.002303000    0.004215122   -0.073250041
    -0.023295282   -0.346319532    0.216401940    0.034566971    0.369744775
     0.063262977   -0.957083972    0.021689286    0.053523700    0.125176865
     0.009429589    0.025190059    0.055113940    0.254496847    0.038966380
    -0.022167807   -0.040008872   -0.018557462   -0.025888427    0.307510178
     0.038021614    0.088901217    0.086036382    0.378225497   -0.422745602
    -0.077635265   -0.068987492   -0.000719655    0.229826532    0.572951191
    -0.108783102    0.461102084    0.227248968    0.364308725   -0.950213458
     0.104473033   -0.107531652   -0.008844055    0.269660650   -0.055541681
     0.123516471    0.331071005    0.132495822
    -0.815701192    0.524582799    0.758069336   -0.428406182   -0.013449919
    -0.131776293   -0.065409787   -0.347663271   -0.022334337   -0.742420901
    -0.217116266    0.296472893    0.045005428   -0.828425822   -0.404082161
    -0.913129803   -0.040997151    0.059340030    0.300297919   -0.380925830
    -0.116339072    0.064896490   -0.059456163    0.080872255    0.016925755
    -0.050152188   -0.908238104    0.413117950   -0.560867162   -0.098157532
     0.045438901    0.025618261   -0.033161134   -0.072899414    0.063363824
    -0.016580238    0.023369217    0.166279377   -0.156662966    1.754487080
    -0.018858300    0.088941768   -0.208386267   -0.022604764   -1.030339194
     0.100597640    0.080719580   -0.078740115   -0.367156828    1.277048402
    -0.314646965   -0.053472625   -0.030566684   -0.087483802   -0.020099141
     0.028160877    0.072162442   -0.071829301   -0.053743245   -0.467952339
     0.082104679    0.061707549   -0.049168743    0.188552882   -1.171610812
    -0.234921602   -0.075454830   -0.061002290
     0.313482690   -1.606852941   -0.590531329   -2.529051143   -0.005524550
     0.286248765    0.124213803    0.005855508    2.925889427    1.313959734
     0.041200993   -0.628476521   -0.055860530    0.115088507    1.358274603
     0.864838719    0.436062431   -0.003122930   -0.857763207   -0.063153762
     0.042898107    0.049517259   -0.006170587   -0.225351914   -0.001652347
     0.005586211    0.426814965   -0.091747424   -1.242656454    0.194730151
    -0.085714099   -0.175183598    0.002220565   -0.021844112   -0.041468616
    -0.008190424    0.005838068    0.006083967    0.017609798   -0.474758543
    -0.002953816    0.048383536    0.055130578   -0.280528495   -0.982707225
    -0.017408843    0.018232253    0.095343099   -0.332982151    0.792193417
    -0.045373719   -0.114805350    0.116682028    0.108868214    3.116378563
    -0.324365891    0.287489371    0.177481611   -0.264214685    0.810794516
     0.073804468   -0.108925789    0.130761436    0.065727720    3.402174752
     0.329660599    0.275525655    0.157610472
     1.753375669   -0.345046099   -1.521041608   -0.028340347    0.014610569
     0.185668659   -0.110131881    0.136898415    0.304139878   -1.106358514
    -0.015519871   -0.551310614    0.156943769    0.118974368   -0.539649924
    -1.145989497    0.017285931    0.009788736    0.435385301    0.341618771
     0.030731825    0.068219336    0.012130065    0.177270970    0.027075770
     0.012974156   -1.071225833   -0.109415774   -0.253893886   -0.010847752
    -0.066415127   -0.237642040    0.002019692    0.029935441   -0.073911283
     0.006304316   -0.011509259   -0.023410095   -0.190163333    2.292834654
    -0.001522532   -0.053425255   -0.176830952   -0.013474934    0.329964202
    -0.012704513    0.052868487   -0.004488978    0.134087289   -0.905330149
    -0.008136070    0.063714749   -0.010440681    0.262316001   -0.891747336
    -0.027492983   -0.041221679    0.020304620    0.112330626   -0.661885929
     0.026197538    0.061651577   -0.007913492    0.212433873   -0.559649270
     0.057177425   -0.017410897    0.029657350
     2.607459981   -1.749631297   -2.433615564    1.201917025   -0.008035029
    -0.164602483    0.100460394   -0.086242164   -0.198231109    1.213418829
     0.005311189    0.447112489   -0.273675583   -0.062139774    0.177027707
     0.807481150    0.294844682   -0.015390924    0.004476644   -0.237264269
    -0.032274366    0.087880592   -0.012593686   -0.026310746   -0.020977900
    -0.009687822    0.686863851    0.073860003   -0.231368458    0.113340769
     0.014920527   -0.224474471   -0.003164069   -0.037967863   -0.005671850
     0.003502689    0.000162316    0.071636522    0.277826831   -1.983818786
     0.002279573    0.062479360   -0.020702486    0.281076762   -0.178890976
     0.023471563   -0.088618425    0.001120557    0.197495327    0.423060743
    -0.100709815   -0.002242671    0.004385483    0.137674165    0.483557460
     0.047929294    0.032707882   -0.038756865    0.211582908    0.243653462
     0.070343807   -0.009232623   -0.002452209    0.177365924    0.335858912
    -0.066839159    0.023981825   -0.032107689
