 WH6...b3lyp/vdz
 PNLMOs in the AO basis:
 -------------------------------------------------------------------------------
     0.361563186   -0.009732248    0.660552082    0.000941968    0.000000000
     0.000002160   -0.000782152    0.000000000    0.000000075    0.000719534
     0.000000000    0.000000579    0.000492455    0.000000000   -0.000000013
     0.001484246   -0.002435093    0.000000000    0.000000011    0.000000000
     0.000000000   -0.004488337    0.000000000   -0.000000010    0.000000000
     0.000000000    0.001785832    0.000000000   -0.000000002    0.000000000
     0.000000000   -0.001335465    0.000000000    0.000000006    0.000000000
     0.000000000    0.000000000    0.000000000   -0.002050971   -0.000013451
     0.000000000    0.000000002   -0.000645123    0.000307852    0.000036408
     0.000000000   -0.001232305    0.000685991    0.000307836    0.000036418
    -0.001171986   -0.000380799    0.000685988    0.000307810    0.000036433
    -0.000724319    0.000996942    0.000685982    0.000307836    0.000036418
     0.001171986   -0.000380799    0.000685988    0.000307810    0.000036433
     0.000724319    0.000996942    0.000685982
     0.000000000    0.000000000    0.000000000    0.000000000    0.879018478
     0.000000000    0.000000000    0.030604686    0.000000000    0.000000000
     0.235802749    0.000000000    0.000000000   -0.005246636    0.000000000
     0.000000000    0.000000000    0.004441947    0.000000000    0.000000000
     0.000000000    0.000000000   -0.004002822    0.000000000    0.000000000
     0.000000000    0.000000000   -0.000877234    0.000000000    0.000000000
     0.000000000    0.000000000    0.002510882    0.000000000    0.000000000
     0.000000000    0.000000000    0.000000000    0.000000000    0.000000000
     0.000780976    0.000000000    0.000000000    0.000000000    0.000000000
     0.000788228    0.000000000    0.000000000    0.009056092   -0.005332846
    -0.003646913   -0.001441065    0.002010088    0.005596973   -0.003295880
    -0.000905845    0.002331692    0.001242303   -0.009056092    0.005332846
    -0.003646913    0.001441065   -0.002010088   -0.005596973    0.003295880
    -0.000905845   -0.002331692   -0.001242303
     0.000001188   -0.000005604   -0.000001769   -0.000001121    0.000000000
     0.879018990    0.000013115    0.000000000    0.030604517    0.000000953
     0.000000000    0.235802919    0.000003442    0.000000000   -0.005246669
     0.000000014    0.000001641    0.000000000    0.004442756    0.000006492
     0.000000000   -0.000001291    0.000000000   -0.004003482   -0.000004261
     0.000000000    0.000000771    0.000000000   -0.000876897    0.000002731
     0.000000000   -0.000000160    0.000000000    0.002510894   -0.000000394
     0.000000000    0.000000000    0.000000265    0.000000018    0.000000157
     0.000000000    0.000780979   -0.000000037    0.009516684   -0.005613179
     0.000000000   -0.004114763    0.002113353    0.002941888   -0.001732997
    -0.001440944    0.000319962    0.000653120   -0.007706265    0.004533832
     0.002331884   -0.002421200   -0.001709968    0.002941888   -0.001732997
     0.001440944    0.000319962    0.000653120   -0.007706265    0.004533832
    -0.002331884   -0.002421200   -0.001709968
     0.000532177    0.002490528   -0.000420700   -0.002280098    0.000000000
    -0.000013258    0.880813861    0.000000000   -0.000000462    0.029587092
     0.000000000   -0.000003557    0.235343777    0.000000000    0.000000079
    -0.005293507   -0.000009631    0.000000000   -0.000000067    0.000000000
     0.000000000    0.002909651    0.000000000    0.000000060    0.000000000
     0.000000000   -0.000139637    0.000000000    0.000000013    0.000000000
     0.000000000    0.003262038    0.000000000   -0.000000038    0.000000000
     0.000000000    0.000000000    0.000000000    0.006923381   -0.004980146
     0.000000000   -0.000000012   -0.005275468   -0.003555940    0.002941350
     0.000000000    0.001933470   -0.000220736   -0.003555840    0.002941292
     0.001838802    0.000597451   -0.000220714   -0.003555680    0.002941197
     0.001136394   -0.001564124   -0.000220678   -0.003555840    0.002941292
    -0.001838802    0.000597451   -0.000220714   -0.003555680    0.002941197
    -0.001136394   -0.001564124   -0.000220678
    -0.087347905    0.222793215    0.004520064    0.064196297    0.000000000
     0.000000000   -0.015679871    0.000000000    0.000000000    0.059619765
     0.000000000    0.000000000   -0.010241476    0.000000000    0.000000000
     0.000227265    0.245243180    0.000000000    0.000000000    0.000000000
     0.000000000   -0.191216898    0.000000000    0.000000000    0.000000000
     0.000000000    0.094463806    0.000000000    0.000000000    0.000000000
     0.000000000    0.019899180    0.000000000    0.000000000    0.000000000
     0.000000000    0.000000000    0.000000000    0.339043964    0.326534243
     0.000000000    0.000000000   -0.026784103    0.005302739   -0.009252584
     0.000000000   -0.000740813    0.000515523    0.005302739   -0.009252584
    -0.000704555   -0.000228924    0.000515523    0.005302739   -0.009252584
    -0.000435439    0.000599330    0.000515523    0.005302739   -0.009252584
     0.000704555   -0.000228924    0.000515523    0.005302739   -0.009252584
     0.000435439    0.000599330    0.000515523
    -0.061687538    0.169174915    0.004332416    0.032371160    0.000000000
    -0.009299251    0.004285323    0.000000000    0.037403207   -0.015222314
     0.000000000   -0.009116752    0.002963186    0.000000000    0.005987245
    -0.002904904   -0.048817170    0.000000000   -0.162506540   -0.239230570
     0.000000000    0.040175375    0.000000000    0.132607405    0.157014152
     0.000000000   -0.023212653    0.000000000   -0.067995625   -0.100612579
     0.000000000    0.006342913    0.000000000   -0.002124109    0.014535691
     0.000000000    0.000000000   -0.009782913    0.002727821   -0.006928188
     0.000000000   -0.000560294   -0.001228734    0.280824320    0.327598911
     0.000000000   -0.018135670    0.008736935    0.034542598    0.033141559
    -0.004938663    0.003999238    0.000139351    0.001224551   -0.021819642
    -0.001230787   -0.000449416    0.000230256    0.034542598    0.033141559
     0.004938663    0.003999238    0.000139351    0.001224551   -0.021819642
     0.001230787   -0.000449416    0.000230256
    -0.061687637    0.169175186    0.004332423    0.032371212   -0.008854307
    -0.002877743    0.004285330    0.035572248    0.011558087   -0.015222338
    -0.008673287   -0.002818336    0.002963191    0.005694276    0.001850186
    -0.002904909   -0.048817249   -0.154553125   -0.050217320    0.193541907
     0.140616356    0.040175440    0.126117322    0.040977974   -0.127027321
    -0.092290704   -0.023212690   -0.064667743   -0.021011807    0.081397417
     0.059138655    0.006342924   -0.002020179   -0.000656398   -0.011759640
    -0.008543874    0.005750258    0.007914555    0.002727825   -0.006928199
    -0.000532881   -0.000173144   -0.001228736    0.034542562    0.033141579
     0.005329629   -0.003461098    0.000139340    0.280824567    0.327599400
    -0.017248020   -0.005604224    0.008736920    0.034542654    0.033141664
     0.002277372    0.005932774    0.000139346    0.001224701   -0.021819660
    -0.000047047   -0.001309447    0.000230279    0.001224700   -0.021819674
    -0.000807732    0.001031713    0.000230280
    -0.061687666    0.169175267    0.004332425    0.032371227   -0.005472262
     0.007536553    0.004285332    0.021984854   -0.030259403   -0.015222346
    -0.005360386    0.007379181    0.002963192    0.003519256   -0.004843868
    -0.002904910   -0.048817272   -0.095519066    0.131470773   -0.073926533
    -0.227522287    0.040175459    0.077944777   -0.107281830    0.048520187
     0.149329657   -0.023212701   -0.039966856    0.055009667   -0.031091090
    -0.095688457    0.006342927   -0.001248539    0.001718480    0.004491789
     0.013824294   -0.009304123   -0.003023095    0.002727826   -0.006928202
    -0.000329339    0.000453300   -0.001228737    0.001224812   -0.021819629
    -0.001259898   -0.000359923    0.000230292    0.034542573    0.033141546
    -0.001644764   -0.006138318    0.000139345    0.280824642    0.327599549
    -0.010659857    0.014672036    0.008736916    0.001224753   -0.021819634
     0.000731623    0.001087021    0.000230283    0.034542570    0.033141643
     0.006346137   -0.000332599    0.000139334
    -0.061687637    0.169175186    0.004332423    0.032371212    0.008854307
    -0.002877743    0.004285330   -0.035572248    0.011558087   -0.015222338
     0.008673287   -0.002818336    0.002963191   -0.005694276    0.001850186
    -0.002904909   -0.048817249    0.154553125   -0.050217320    0.193541907
    -0.140616356    0.040175440   -0.126117322    0.040977974   -0.127027321
     0.092290704   -0.023212690    0.064667743   -0.021011807    0.081397417
    -0.059138655    0.006342924    0.002020179   -0.000656398   -0.011759640
     0.008543874   -0.005750258    0.007914555    0.002727825   -0.006928199
     0.000532881   -0.000173144   -0.001228736    0.034542562    0.033141579
    -0.005329629   -0.003461098    0.000139340    0.001224701   -0.021819660
     0.000047047   -0.001309447    0.000230279    0.001224700   -0.021819674
     0.000807732    0.001031713    0.000230280    0.280824567    0.327599400
     0.017248020   -0.005604224    0.008736920    0.034542654    0.033141664
    -0.002277372    0.005932774    0.000139346
    -0.061687666    0.169175267    0.004332425    0.032371227    0.005472262
     0.007536553    0.004285332   -0.021984854   -0.030259403   -0.015222346
     0.005360386    0.007379181    0.002963192   -0.003519255   -0.004843868
    -0.002904910   -0.048817272    0.095519066    0.131470773   -0.073926533
     0.227522287    0.040175459   -0.077944777   -0.107281830    0.048520187
    -0.149329657   -0.023212701    0.039966856    0.055009667   -0.031091090
     0.095688457    0.006342927    0.001248539    0.001718480    0.004491789
    -0.013824294    0.009304123   -0.003023095    0.002727826   -0.006928202
     0.000329339    0.000453300   -0.001228737    0.001224812   -0.021819629
     0.001259898   -0.000359923    0.000230292    0.001224753   -0.021819634
    -0.000731623    0.001087021    0.000230283    0.034542570    0.033141643
    -0.006346137   -0.000332599    0.000139334    0.034542573    0.033141546
     0.001644764   -0.006138318    0.000139345    0.280824642    0.327599549
     0.010659857    0.014672036    0.008736916
     0.196703774   -0.495004327   -0.006781045   -0.146065230    0.000000000
     0.000000000    0.033895585    0.000000000    0.000000000   -0.145392183
     0.000000000    0.000000000    0.023857861    0.000000000    0.000000000
    -0.001113562   -0.594520597    0.000000000    0.000000000    0.000000000
     0.000000000    0.463949905    0.000000000    0.000000000    0.000000000
     0.000000000   -0.229916176    0.000000000    0.000000000    0.000000000
     0.000000000   -0.046079854    0.000000000    0.000000000    0.000000000
     0.000000000    0.000000000    0.000000000    0.558592326    0.537615366
     0.000000000    0.000000000   -0.044163410    0.005110078    0.005288539
     0.000000000   -0.000361149    0.000172309    0.005110077    0.005288539
    -0.000343473   -0.000111601    0.000172309    0.005110078    0.005288539
    -0.000212278    0.000292176    0.000172309    0.005110078    0.005288539
     0.000343473   -0.000111601    0.000172309    0.005110077    0.005288539
     0.000212278    0.000292176    0.000172309
     0.177580347   -0.488779069   -0.013292852   -0.092622735    0.000000000
     0.017103808   -0.011769611    0.000000000   -0.102233310    0.047398829
     0.000000000    0.022638216   -0.008755258    0.000000000   -0.016271045
     0.008551563    0.154125175    0.000000000    0.442893613    0.338981023
     0.000000000   -0.126378839    0.000000000   -0.361403203   -0.222483347
     0.000000000    0.072346435    0.000000000    0.185340764    0.142564368
     0.000000000   -0.017831867    0.000000000    0.005765531   -0.020596546
     0.000000000    0.000000000    0.013862032    0.005627380    0.005341317
     0.000000000    0.000000026   -0.000460946    0.558035212    0.650747613
     0.000000000   -0.035478583    0.017842648   -0.063030543   -0.073530227
     0.003811441    0.001249085   -0.002019479    0.017496413    0.020303986
    -0.000646398    0.000903355    0.000557219   -0.063030543   -0.073530227
    -0.003811441    0.001249085   -0.002019479    0.017496413    0.020303986
     0.000646398    0.000903355    0.000557219
     0.177583726   -0.488788392   -0.013293127   -0.092624516    0.016266760
     0.005285261   -0.011769646   -0.097228189   -0.031589777    0.047399689
     0.021529984    0.006995204   -0.008755369   -0.015474453   -0.005027705
     0.008551723    0.154127922    0.421210551    0.136852795   -0.274246353
    -0.199244979   -0.126381097   -0.343709727   -0.111672504    0.179996054
     0.130770417    0.072347737    0.176266902    0.057269738   -0.115339076
    -0.083795943   -0.017832213    0.005483265    0.001781532    0.016663257
     0.012106160   -0.008147773   -0.011214822    0.005627280    0.005341224
     0.000000024    0.000000008   -0.000460939   -0.063059501   -0.073515309
     0.000010150    0.004023507   -0.002022811    0.558034379    0.650746645
    -0.033742086   -0.010963470    0.017842622   -0.063008191   -0.073543517
     0.002359790   -0.003230701   -0.002016818    0.017569798    0.020248662
     0.001070569   -0.000339403    0.000561432    0.017517679    0.020289437
     0.000665314    0.000902063    0.000559845
     0.177583771   -0.488788503   -0.013293117   -0.092624530    0.010053149
    -0.013837138   -0.011769746   -0.060087763    0.082705084    0.047399722
     0.013305740   -0.018314068   -0.008755400   -0.009563332    0.013163016
     0.008551727    0.154128053    0.260311363   -0.358293793    0.104759191
     0.322398228   -0.126381202   -0.212415257    0.292369366   -0.068756579
    -0.211599564    0.072347792    0.108934302   -0.149937689    0.044058301
     0.135590185   -0.017832214    0.003388700   -0.004664223   -0.006365187
    -0.019588973    0.013183908    0.004283943    0.005627384    0.005341322
     0.000000015   -0.000000021   -0.000460947    0.017577093    0.020257170
     0.000008031   -0.001123517    0.000561665   -0.063087761   -0.073499575
     0.003826179    0.001232527   -0.002022598    0.558035503    0.650747927
    -0.020853800    0.028702792    0.017842658    0.017550551    0.020269770
     0.001062204   -0.000353574    0.000560240   -0.063059477   -0.073510135
    -0.002352116   -0.003254682   -0.002021117
     0.177583726   -0.488788392   -0.013293127   -0.092624516   -0.016266760
     0.005285261   -0.011769646    0.097228189   -0.031589777    0.047399689
    -0.021529984    0.006995204   -0.008755369    0.015474453   -0.005027705
     0.008551723    0.154127922   -0.421210551    0.136852795   -0.274246353
     0.199244979   -0.126381097    0.343709727   -0.111672504    0.179996054
    -0.130770417    0.072347737   -0.176266902    0.057269738   -0.115339076
     0.083795943   -0.017832213   -0.005483265    0.001781532    0.016663257
    -0.012106160    0.008147773   -0.011214822    0.005627280    0.005341224
    -0.000000024    0.000000008   -0.000460939   -0.063059501   -0.073515309
    -0.000010150    0.004023507   -0.002022811    0.017569798    0.020248662
    -0.001070569   -0.000339403    0.000561432    0.017517679    0.020289437
    -0.000665314    0.000902063    0.000559845    0.558034379    0.650746645
     0.033742086   -0.010963470    0.017842622   -0.063008191   -0.073543517
    -0.002359790   -0.003230701   -0.002016818
     0.177583771   -0.488788503   -0.013293117   -0.092624530   -0.010053149
    -0.013837138   -0.011769746    0.060087763    0.082705084    0.047399722
    -0.013305740   -0.018314068   -0.008755400    0.009563332    0.013163016
     0.008551727    0.154128053   -0.260311363   -0.358293793    0.104759191
    -0.322398228   -0.126381202    0.212415257    0.292369366   -0.068756579
     0.211599564    0.072347792   -0.108934302   -0.149937689    0.044058301
    -0.135590185   -0.017832214   -0.003388700   -0.004664223   -0.006365187
     0.019588973   -0.013183908    0.004283943    0.005627384    0.005341322
    -0.000000015   -0.000000021   -0.000460947    0.017577093    0.020257170
    -0.000008031   -0.001123517    0.000561665    0.017550551    0.020269770
    -0.001062204   -0.000353574    0.000560240   -0.063059477   -0.073510135
     0.002352116   -0.003254682   -0.002021117   -0.063087761   -0.073499575
    -0.003826179    0.001232527   -0.002022598    0.558035503    0.650747927
     0.020853800    0.028702792    0.017842658
    -0.170578503   -0.159419368    0.122476027    0.251883644    0.000000000
     0.000000000   -0.368262671    0.000000001    0.000000000    1.005644300
    -0.000000001    0.000000000    0.183408677   -0.000000001    0.000000000
    -0.537756973   -0.294971383    0.000000000    0.000000000    0.000000000
     0.000000000   -0.265292317    0.000000000    0.000000000    0.000000000
     0.000000000   -0.024935994    0.000000000    0.000000000    0.000000000
     0.000000000   -0.391931099    0.000000000    0.000000000    0.000000000
     0.000000000    0.000000000    0.000000000    0.000002100    0.000002050
     0.000000000    0.000000000   -0.000000163   -0.000000200   -0.000000181
     0.000000000    0.000000015   -0.000000006   -0.000000200   -0.000000181
     0.000000015    0.000000005   -0.000000006   -0.000000200   -0.000000181
     0.000000009   -0.000000012   -0.000000006   -0.000000200   -0.000000181
    -0.000000015    0.000000005   -0.000000006   -0.000000200   -0.000000181
    -0.000000009   -0.000000012   -0.000000006
    -0.000000140    0.000000399    0.000000024    0.000000086    0.000000000
     0.337346144   -0.000000128    0.000000000   -1.118398215   -0.000000006
     0.000000000   -0.139125977   -0.000000033    0.000000000    0.799012746
    -0.000000004    0.000000019    0.000000000    0.080507566   -0.000000014
     0.000000000   -0.000000011    0.000000000   -0.119832981    0.000000009
     0.000000000   -0.000000001    0.000000000   -0.358002162   -0.000000006
     0.000000000    0.000000019    0.000000000    0.352222790    0.000000001
     0.000000000    0.000000000    0.000000000    0.000000151    0.000000143
     0.000000000   -0.000000001   -0.000000012   -0.000060481    0.000059772
     0.000000000    0.000010885   -0.000003660    0.000000159    0.000000177
    -0.000000013    0.000000003    0.000000005    0.000000018   -0.000000013
     0.000000004    0.000000005    0.000000001    0.000000159    0.000000177
     0.000000013    0.000000003    0.000000005    0.000000018   -0.000000013
    -0.000000004    0.000000005    0.000000001
     0.000000000    0.000000000    0.000000000    0.000000000    0.337348650
     0.000000000    0.000000000   -1.118407553    0.000000000    0.000000000
    -0.139127223    0.000000000    0.000000000    0.799019446    0.000000000
     0.000000000    0.000000000    0.080508085    0.000000000    0.000000000
     0.000000000    0.000000000   -0.119833855    0.000000000    0.000000000
     0.000000000    0.000000000   -0.358005222    0.000000000    0.000000000
     0.000000000    0.000000000    0.352225732    0.000000000    0.000000000
     0.000000000    0.000000000    0.000000000    0.000000000    0.000000000
    -0.000000001    0.000000000    0.000000000    0.000000000    0.000000000
     0.000000007    0.000000000    0.000000000    0.000000236    0.000000305
    -0.000000014   -0.000000007    0.000000006    0.000000146    0.000000188
    -0.000000001    0.000000011    0.000000004   -0.000000236   -0.000000305
    -0.000000014    0.000000007   -0.000000006   -0.000000146   -0.000000188
    -0.000000001   -0.000000011   -0.000000004
     0.774805190   -0.338470343   -0.712756050    0.160283613    0.000000000
     0.000000000   -0.056832186    0.000000000    0.000000000    0.646809220
     0.000000000    0.000000000   -0.035342708    0.000000000    0.000000000
    -0.863041749    0.988924957    0.000000000    0.000000000    0.000000000
     0.000000000    0.853002201    0.000000000    0.000000000    0.000000000
     0.000000000   -0.396560784    0.000000000    0.000000000    0.000000000
     0.000000000    0.138707503    0.000000000    0.000000000    0.000000000
     0.000000000    0.000000000    0.000000000    0.000006084   -0.000004412
     0.000000000    0.000000000   -0.000004651   -0.000003151    0.000002565
     0.000000000    0.000001657   -0.000000425   -0.000003151    0.000002565
     0.000001577    0.000000512   -0.000000426   -0.000003151    0.000002565
     0.000000974   -0.000001341   -0.000000425   -0.000003151    0.000002565
    -0.000001577    0.000000512   -0.000000425   -0.000003151    0.000002565
    -0.000000974   -0.000001341   -0.000000425
     0.000000000    0.000000000    0.000000000    0.000000000    0.460893937
     0.000000000    0.000000000    1.631068596    0.000000000   -0.000000001
    -1.520856328    0.000000000    0.000000001   -0.841571374    0.000000000
     0.000000000    0.000000000   -0.036458980    0.000000000    0.000000000
    -0.004610978    0.000000000   -0.085052408    0.000000000    0.000000000
    -0.008321896    0.000000000   -0.022149775    0.000000000    0.000000000
    -0.002649654    0.000000000    0.036087446    0.000000000    0.000000000
    -0.000007278    0.000000000    0.000000000    0.000000000    0.000000000
     0.000000000    0.000000000    0.000000000    0.000000000    0.000000000
     0.000000000    0.000000000    0.000000000    0.000000000    0.000000000
     0.000000000    0.000000000    0.000000000    0.000000000    0.000000000
     0.000000000    0.000000000    0.000000000    0.000000000    0.000000000
     0.000000000    0.000000000    0.000000000    0.000000000    0.000000000
     0.000000000    0.000000000    0.000000000
    -0.154194415   -0.308460257    0.105867615    0.381139793    0.000000000
    -0.114900756   -0.006126009    0.000000000    0.216587655   -0.173627564
     0.000000000    0.286306773    0.112934424    0.000000000   -0.736053750
     0.013089207    0.067858882    0.000000000   -0.107039293    0.009260207
     0.000000000   -0.024647059    0.000000000   -0.128988164    0.016712827
     0.000000000   -0.111284865    0.000000000   -0.057503099    0.005321289
     0.000000000   -0.018614026    0.000000000    0.715177593    0.000014618
     0.000000000    0.000000000    0.000000000    0.000000000    0.000000000
     0.000000000    0.000000000    0.000000000    0.000000000    0.000000000
     0.000000000    0.000000000    0.000000000    0.000000000    0.000000000
     0.000000000    0.000000000    0.000000000    0.000000000    0.000000000
     0.000000000    0.000000000    0.000000000    0.000000000    0.000000000
     0.000000000    0.000000000    0.000000000    0.000000000    0.000000000
     0.000000000    0.000000000    0.000000000
     1.221650253   -0.755703523   -1.165090614    0.540799061    0.000000000
     0.043191415   -0.075597245    0.000000001   -0.168107323   -0.978131267
     0.000000000    0.036294323    0.715170765   -0.000000001   -0.019256449
     0.042174318   -0.171037610    0.000000000    0.053543020    0.005385822
     0.000000000   -0.154404276    0.000000000    0.114502725    0.009720335
     0.000000000    0.184477499    0.000000000    0.031882999    0.003094911
     0.000000000   -0.532780807    0.000000000   -0.169672609    0.000008502
     0.000000000    0.000000000    0.000000000    0.000000000    0.000000000
     0.000000000    0.000000000    0.000000000    0.000000000    0.000000000
     0.000000000    0.000000000    0.000000000    0.000000000    0.000000000
     0.000000000    0.000000000    0.000000000    0.000000000    0.000000000
     0.000000000    0.000000000    0.000000000    0.000000000    0.000000000
     0.000000000    0.000000000    0.000000000    0.000000000    0.000000000
     0.000000000    0.000000000    0.000000000
    -0.050632601   -0.137341045    0.031185850    0.164973087    0.000000000
     0.445824282   -0.004373895    0.000000000    1.636825844   -0.085607765
     0.000000000   -1.504589771    0.057288719    0.000000000   -0.823265016
     0.008660742    0.033368358    0.000000000   -0.050847040    0.004776955
     0.000000000   -0.013835929    0.000000000   -0.113565394    0.008621450
     0.000000000   -0.056899672    0.000000000   -0.030576623    0.002745031
     0.000000000   -0.009784761    0.000000000    0.059948320    0.000007541
     0.000000000    0.000000000   -0.000000001    0.000000000    0.000000000
     0.000000000    0.000000000    0.000000000    0.000000000    0.000000000
     0.000000000    0.000000001    0.000000000    0.000000000    0.000000000
    -0.000000001    0.000000000    0.000000001    0.000000000    0.000000000
     0.000000001    0.000000000    0.000000000    0.000000000    0.000000000
     0.000000000   -0.000000001    0.000000000    0.000000000    0.000000000
     0.000000000    0.000000000    0.000000000
     0.000000000    0.000000000    0.000000000    0.000000000   -0.148372854
     0.000000000    0.000000000    0.375919896    0.000000000    0.000000000
     0.209947026    0.000000000    0.000000000   -0.621948759    0.000000000
     0.000000000    0.000000000   -0.141516405    0.000000000    0.000000000
     0.032761795    0.000000000   -0.220606099    0.000000000    0.000000000
     0.059128504    0.000000000   -0.079149263    0.000000000    0.000000000
     0.018826249    0.000000000    0.826906972    0.000000000    0.000000000
     0.000051715    0.000000000    0.000000000    0.000000000    0.000000000
     0.000000000    0.000000000    0.000000000    0.000000000    0.000000000
     0.000000000    0.000000000    0.000000000    0.000000000    0.000000000
     0.000000000    0.000000000    0.000000000    0.000000000    0.000000000
     0.000000000    0.000000000    0.000000000    0.000000000    0.000000000
     0.000000000    0.000000000    0.000000000    0.000000000    0.000000000
     0.000000000    0.000000000    0.000000000
    -1.104376384   -0.702076932    0.912595629    1.050704400    0.000000000
     0.079571011    0.008486684    0.000000000   -0.309702049   -0.147948620
     0.000000000    0.066864584    0.063582325    0.000000000   -0.035475918
     0.042274437    0.357441308    0.000000000    0.071557359    0.034609848
     0.000000000   -0.023240279    0.000000000    0.165535206    0.062463872
     0.000000000   -0.547903192    0.000000000    0.043390466    0.019888215
     0.000000000    0.212443549    0.000000000   -0.344378348    0.000054632
     0.000000000    0.000000000    0.000000000    0.000000000    0.000000000
     0.000000000    0.000000000    0.000000000    0.000000000    0.000000000
     0.000000000    0.000000000    0.000000000    0.000000000    0.000000000
     0.000000000    0.000000000    0.000000000    0.000000000    0.000000000
     0.000000000    0.000000000    0.000000000    0.000000000    0.000000000
     0.000000000    0.000000000    0.000000000    0.000000000    0.000000000
     0.000000000    0.000000000    0.000000000
     2.555887702   -1.658374125   -2.433344165    1.180852319    0.000000000
     0.043860287    0.102637184    0.000000000   -0.019577610    0.513690795
     0.000000000   -0.021894485   -0.496875565    0.000000000   -0.130678871
     0.027323314   -0.330129669    0.000000000    0.035668253   -0.002937413
     0.000000000   -0.132567270    0.000000000    0.081909623   -0.005301444
     0.000000000    0.247195836    0.000000000    0.021590793   -0.001687956
     0.000000000    0.233902814    0.000000000   -0.041798917   -0.000004637
     0.000000000    0.000000000    0.000000000    0.000000000    0.000000000
     0.000000000    0.000000000    0.000000000    0.000000000    0.000000000
     0.000000000    0.000000000    0.000000000    0.000000000    0.000000000
     0.000000000    0.000000000    0.000000000    0.000000000    0.000000000
     0.000000000    0.000000000    0.000000000    0.000000000    0.000000000
     0.000000000    0.000000000    0.000000000    0.000000000    0.000000000
     0.000000000    0.000000000    0.000000000
     0.000000000    0.000000000    0.000000000    0.000000000   -0.003744104
     0.000000000    0.000000000    0.012963963    0.000000000    0.000000000
    -0.032071297    0.000000000    0.000000000    0.099286601    0.000000000
     0.000000000    0.000000000    0.006552769    0.000000000    0.000000000
     0.962569732    0.000000000   -0.002380082    0.000000000    0.000000000
     1.140805638    0.000000000    0.002878946    0.000000000    0.000000000
    -0.091971677    0.000000000   -0.019619702    0.000000000    0.000000000
     0.093961914   -0.000001145    0.000000000    0.000000000    0.000000000
     0.000000000    0.000000000    0.000000000    0.000000000    0.000000000
     0.000000000    0.000000000    0.000000000    0.000000000    0.000000000
     0.000000000    0.000000000    0.000000000    0.000000000    0.000000000
     0.000000000    0.000000000    0.000000000    0.000000000    0.000000000
     0.000000000    0.000000000    0.000000000    0.000000000    0.000000000
     0.000000000    0.000000000    0.000000000
     0.000000000    0.000000000    0.000000000    0.000000000   -0.001559552
     0.000000000    0.000000000   -0.000729097    0.000000000    0.000000000
     0.009976746    0.000000000    0.000000000   -0.022514894    0.000000000
     0.000000000    0.000000000   -0.004965459    0.000000000    0.000000000
     1.066429183    0.000000000   -0.005790684    0.000000000    0.000000000
     0.166185383    0.000000000   -0.002655477    0.000000000    0.000000000
    -1.303523470    0.000000000    0.009119537    0.000000000    0.000000000
    -0.000285420   -0.000003403    0.000000000    0.000000000    0.000000000
     0.000000000    0.000000000    0.000000000    0.000000000    0.000000000
     0.000000000    0.000000000    0.000000000    0.000000000    0.000000000
     0.000000000    0.000000000    0.000000000    0.000000000    0.000000000
     0.000000000    0.000000000    0.000000000    0.000000000    0.000000000
     0.000000000    0.000000000    0.000000000    0.000000000    0.000000000
     0.000000000    0.000000000    0.000000000
     0.000000000    0.000000000    0.000000000    0.000000000    0.014356092
     0.000000000    0.000000000    0.073275252    0.000000000    0.000000000
    -0.117447498    0.000000000    0.000000000    0.157442289    0.000000000
     0.000000000    0.000000000    1.040694314    0.000000000    0.000000000
    -0.007377748    0.000000000    1.053905622    0.000000000    0.000000000
    -0.016342419    0.000000000   -0.202878915    0.000000000    0.000000000
    -0.007538293    0.000000000    0.314660625    0.000000000    0.000000000
    -0.000015035   -0.000000006    0.000000000    0.000000000    0.000000000
     0.000000000    0.000000000    0.000000000    0.000000000    0.000000000
     0.000000000    0.000000000    0.000000000    0.000000000    0.000000000
     0.000000000    0.000000000    0.000000000    0.000000000    0.000000000
     0.000000000    0.000000000    0.000000000    0.000000000    0.000000000
     0.000000000    0.000000000    0.000000000    0.000000000    0.000000000
     0.000000000    0.000000000    0.000000000
     0.000000000    0.000000000    0.000000000    0.000000000   -0.074934317
     0.000000000    0.000000000    0.208830136    0.000000000    0.000000000
     0.086468714    0.000000000    0.000000000   -0.288291581    0.000000000
     0.000000000    0.000000000    1.003433967    0.000000000    0.000000000
     0.006705617    0.000000000    0.166827102    0.000000000    0.000000000
     0.012102300    0.000000000   -1.234202667    0.000000000    0.000000000
     0.003853318    0.000000000   -0.227897212    0.000000000    0.000000000
     0.000010585    0.000000000    0.000000000    0.000000000    0.000000000
     0.000000000    0.000000000    0.000000000    0.000000000    0.000000000
     0.000000000    0.000000000    0.000000000    0.000000000    0.000000000
     0.000000000    0.000000000    0.000000000    0.000000000    0.000000000
     0.000000000    0.000000000    0.000000000    0.000000000    0.000000000
     0.000000000    0.000000000    0.000000000    0.000000000    0.000000000
     0.000000000    0.000000000    0.000000000
     0.158274644   -0.012927150   -0.141529764   -0.026772299    0.000000000
    -0.018279735   -0.004624077    0.000000000   -0.088083554   -0.010958364
     0.000000000    0.131068137    0.010655568    0.000000000   -0.150626278
     0.012631854    0.000760702    0.000000000   -1.036599429    0.002149659
     0.000000000   -0.014286083    0.000000000   -1.050473669    0.003879706
     0.000000000   -0.018394830    0.000000000    0.200738939    0.001235281
     0.000000000    0.000308945    0.000000000   -0.315709566    0.000003393
     0.000000000    0.000000000    0.000000000    0.000000000    0.000000000
     0.000000000    0.000000000    0.000000000    0.000000000    0.000000000
     0.000000000    0.000000000    0.000000000    0.000000000    0.000000000
     0.000000000    0.000000000    0.000000000    0.000000000    0.000000000
     0.000000000    0.000000000    0.000000000    0.000000000    0.000000000
     0.000000000    0.000000000    0.000000000    0.000000000    0.000000000
     0.000000000    0.000000000    0.000000000
     0.033523551   -0.284374154   -0.058260363    0.306401059    0.000000000
     0.011029250    0.003326745    0.000000000   -0.170640546   -0.071861836
     0.000000000   -0.054037050    0.036271514    0.000000000    0.457592551
     0.007326926    0.020881445    0.000000000   -0.982554697    0.005035888
     0.000000000   -0.020383512    0.000000000   -0.244111923    0.009088773
     0.000000000   -0.049013506    0.000000000    1.147345672    0.002893824
     0.000000000    0.002853481    0.000000000    0.288335921    0.000007949
     0.000000000    0.000000000    0.000000000    0.000000000    0.000000000
     0.000000000    0.000000000    0.000000000    0.000000000    0.000000000
     0.000000000    0.000000000    0.000000000    0.000000000    0.000000000
     0.000000000    0.000000000    0.000000000    0.000000000    0.000000000
     0.000000000    0.000000000    0.000000000    0.000000000    0.000000000
     0.000000000    0.000000000    0.000000000    0.000000000    0.000000000
     0.000000000    0.000000000    0.000000000
    -0.077477310   -0.141117746    0.054473162    0.176485076    0.000000000
    -0.017805888    0.004517953    0.000000000    0.012672334   -0.031042634
     0.000000000    0.008799632    0.012591732    0.000000000    0.043874208
    -0.003748271    0.010475396    0.000000000    0.013718315   -1.019128636
     0.000000000   -0.002094083    0.000000000   -0.024516178   -1.146606785
     0.000000000   -0.014615935    0.000000000   -0.039178960    0.165055273
     0.000000000    0.001308401    0.000000000    0.008427565   -0.081186150
     0.000000000    0.000000000    0.000001332    0.000000000    0.000000000
     0.000000000    0.000000000    0.000000000    0.000000000    0.000000000
     0.000000000    0.000000000    0.000000000    0.000000000    0.000000000
     0.000000000    0.000000000    0.000000000    0.000000000    0.000000000
     0.000000000    0.000000000    0.000000000    0.000000000    0.000000000
     0.000000000    0.000000000    0.000000000    0.000000000    0.000000000
     0.000000000    0.000000000    0.000000000
    -0.041001420   -0.030890523    0.033225113    0.044874892    0.000000000
    -0.000002445    0.001721390    0.000000000    0.000009518   -0.005615489
     0.000000000   -0.000002055    0.001374905    0.000000000    0.000001090
    -0.002706825    0.002321969    0.000000000   -0.001596976    1.010357096
     0.000000000    0.001590625    0.000000000   -0.002679022    0.101282680
     0.000000000   -0.000719827    0.000000000   -0.000905007   -1.296190851
     0.000000000    0.000258918    0.000000000   -0.001861428   -0.000333294
     0.000000000    0.000000000   -0.000003332    0.000000000    0.000000000
     0.000000000    0.000000000    0.000000000    0.000000000    0.000000000
     0.000000000    0.000000000    0.000000000    0.000000000    0.000000000
     0.000000000    0.000000000    0.000000000    0.000000000    0.000000000
     0.000000000    0.000000000    0.000000000    0.000000000    0.000000000
     0.000000000    0.000000000    0.000000000    0.000000000    0.000000000
     0.000000000    0.000000000    0.000000000
    -0.544333471   -0.280965276    0.440997196    0.492229696    0.000000000
    -0.000022051    0.069009083    0.000000000    0.000085827   -0.070448075
     0.000000000   -0.000018530   -0.244014851    0.000000000    0.000009832
     0.557732452    0.368775545    0.000000000   -0.014400576    0.013098610
     0.000000000    0.637904558    0.000000000   -0.024157820    0.023640379
     0.000000000    0.192804408    0.000000000   -0.008160809    0.007526990
     0.000000000   -0.498673974    0.000000000   -0.016785243    0.000020677
     0.000000000    0.000000000    0.000000000    0.000000000    0.000000000
     0.000000000    0.000000000    0.000000000    0.000000000    0.000000000
     0.000000000    0.000000000    0.000000000    0.000000000    0.000000000
     0.000000000    0.000000000    0.000000000    0.000000000    0.000000000
     0.000000000    0.000000000    0.000000000    0.000000000    0.000000000
     0.000000000    0.000000000    0.000000000    0.000000000    0.000000000
     0.000000000    0.000000000    0.000000000
     0.536578260   -0.011838737   -0.474554620   -0.132392735    0.000000000
     0.021517270   -0.455258442    0.000000001   -0.015342164   -1.152055705
     0.000000000   -0.010621846    1.168734633   -0.000000001   -0.053001097
     0.999789959    0.294723443    0.000000000   -0.010726424   -0.018874421
     0.000000000    0.253046400    0.000000000    0.039418200   -0.028946144
     0.000000000   -0.182629026    0.000000000    0.050637575   -0.005268194
     0.000000000    0.272869599    0.000000000   -0.003367751   -0.000024062
     0.000000000    0.000000000    0.000000009    0.000000000    0.000000000
     0.000000001    0.000000001    0.000000000    0.000000000    0.000000000
     0.000000000    0.000000001    0.000000000    0.000000000    0.000000000
    -0.000000001    0.000000000    0.000000001    0.000000000    0.000000000
     0.000000000    0.000000000    0.000000000    0.000000000    0.000000000
     0.000000000    0.000000000    0.000000000    0.000000000    0.000000000
     0.000000000    0.000000000    0.000000000
    -0.892786911   -0.108565092    0.783506066    0.341822335    0.000000000
    -0.000028942   -0.132162242    0.000000001    0.000112646   -0.061521176
    -0.000000001   -0.000024320    0.334766779   -0.000000001    0.000012904
    -0.241914514   -0.738221856    0.000000000   -0.018900435    0.017191634
     0.000000000   -0.029226764    0.000000000   -0.031706601    0.031027471
     0.000000000    1.021484531    0.000000000   -0.010710881    0.009879007
     0.000000000    0.340964172    0.000000000   -0.022030258    0.000027137
     0.000000000    0.000000000    0.000000000    0.000000000    0.000000000
     0.000000000    0.000000000    0.000000000    0.000000000    0.000000000
     0.000000000    0.000000000    0.000000000    0.000000000    0.000000000
     0.000000000    0.000000000    0.000000000    0.000000000    0.000000000
     0.000000000    0.000000000    0.000000000    0.000000000    0.000000000
     0.000000000    0.000000000    0.000000000    0.000000000    0.000000000
     0.000000000    0.000000000    0.000000000
     0.000000000    0.000000000    0.000000000    0.000000000   -0.185489780
     0.000000000    0.000000000    0.251049985    0.000000000    0.000000001
    -0.073466220    0.000000000   -0.000000001    0.757414562    0.000000000
     0.000000000    0.000000000   -0.062796933    0.000000000    0.000000000
    -0.069470727    0.000000000   -0.316305188    0.000000000    0.000000000
    -0.098781963    0.000000000   -0.134043761    0.000000000    0.000000000
    -0.010934532    0.000000000    0.198453004    0.000000000    0.000000000
    -0.000079881    0.000000051    0.000000000    0.000000000    0.000000000
     0.000000000    0.000000000    0.000000000    0.000000000    0.000000000
     0.000000000    0.000000000    0.000000000    0.000000000    0.000000000
     0.000000000    0.000000000    0.000000000    0.000000000    0.000000000
     0.000000000    0.000000000    0.000000000    0.000000000    0.000000000
     0.000000000    0.000000000    0.000000000    0.000000000    0.000000000
     0.000000000    0.000000000    0.000000000
     0.364392887   -0.827976804   -0.405808817    0.822250995    0.000000000
    -0.226631558   -0.040098730    0.000000000    0.161041231   -0.328843987
     0.000000000    0.112106145    0.228755262    0.000000000    0.558585800
     0.133103901    0.088416420    0.000000000    0.226198701    0.096040460
     0.000000000   -0.053671052    0.000000000   -0.225699180    0.119382687
     0.000000000   -0.182118082    0.000000000   -0.469636009   -0.003604709
     0.000000000    0.034431345    0.000000000    0.167368673    0.000091198
     0.000000000    0.000000000   -0.000000104    0.000000000    0.000000000
     0.000000000    0.000000000    0.000000000    0.000000000    0.000000000
     0.000000000    0.000000000    0.000000000    0.000000000    0.000000000
     0.000000000    0.000000000    0.000000000    0.000000000    0.000000000
     0.000000000    0.000000000    0.000000000    0.000000000    0.000000000
     0.000000000    0.000000000    0.000000000    0.000000000    0.000000000
     0.000000000    0.000000000    0.000000000
    -0.006249524   -0.011382929    0.004393949    0.014235751    0.000000000
    -0.001436269    0.000364430    0.000000000    0.001022185   -0.002503982
     0.000000000    0.000709800    0.001015683    0.000000000    0.003539008
    -0.000302344    0.000844973    0.000000000    0.001106555   -0.061995227
     0.000000000   -0.000168914    0.000000000   -0.001977540   -0.107054245
     0.000000000   -0.001178960    0.000000000   -0.003160278    0.021742378
     0.000000000    0.000105539    0.000000000    0.000679790    0.996068872
     0.000000000    0.000000000    0.000000107    0.000000000    0.000000000
     0.000000000    0.000000000    0.000000000    0.000000000    0.000000000
     0.000000000    0.000000000    0.000000000    0.000000000    0.000000000
     0.000000000    0.000000000    0.000000000    0.000000000    0.000000000
     0.000000000    0.000000000    0.000000000    0.000000000    0.000000000
     0.000000000    0.000000000    0.000000000    0.000000000    0.000000000
     0.000000000    0.000000000    0.000000000
     0.000000000    0.000000000    0.000000000    0.000000000    0.000350349
     0.000000000    0.000000000   -0.001213083    0.000000000   -0.000000001
     0.003001022    0.000000000    0.000000000   -0.009290589    0.000000000
     0.000000001    0.000000000   -0.000613165    0.000000000    0.000000000
    -0.069838015    0.000000000    0.000222712    0.000000000    0.000000000
    -0.121331298    0.000000000   -0.000269393    0.000000000    0.000000000
     0.017044105    0.000000000    0.001835883    0.000000000    0.000000000
     0.994945014    0.000000107    0.000000000    0.000000000    0.000000000
     0.000000000    0.000000000    0.000000000    0.000000000    0.000000000
     0.000000000    0.000000000    0.000000000    0.000000000    0.000000000
     0.000000000    0.000000000    0.000000000    0.000000000    0.000000000
     0.000000000    0.000000000    0.000000000    0.000000000    0.000000000
     0.000000000    0.000000000    0.000000000    0.000000000    0.000000000
     0.000000000    0.000000000    0.000000000
     0.000000000    0.000000000    0.000000000    0.000000000    0.000000000
     0.000000000    0.000000000    0.000000000    0.000000000    0.000000001
     0.000000000    0.000000000    0.000000000    0.000000000    0.000000000
    -0.000000001    0.000000000    0.000000000    0.000000000    0.000000000
    -0.013898056    0.000000000    0.000000000    0.000000000    0.000000000
     0.009126711    0.000000000    0.000000000    0.000000000    0.000000000
    -0.005851607    0.000000000    0.000000000    0.000000000    0.000000000
     0.000844737    0.999715775    0.000000000    0.000000000    0.000000000
     0.000000000    0.000000000    0.000000000    0.000000000    0.000000000
     0.000000000    0.000000000    0.000000000    0.000000000    0.000000000
     0.000000000    0.000000000    0.000000000    0.000000000    0.000000000
     0.000000000    0.000000000    0.000000000    0.000000000    0.000000000
     0.000000000    0.000000000    0.000000000    0.000000000    0.000000000
     0.000000000    0.000000000    0.000000000
     0.000000000    0.000000000    0.000000000    0.000000000    0.000000000
     0.000000000    0.000000000    0.000000000   -0.000000001    0.000000001
     0.000000000    0.000000001   -0.000000001    0.000000000    0.000000001
    -0.000000001    0.000000000    0.000000000    0.000000000   -0.013898056
     0.000000000    0.000000000    0.000000000    0.000000000    0.009126711
     0.000000000    0.000000000    0.000000000    0.000000000   -0.005851607
     0.000000000    0.000000000    0.000000000    0.000000000    0.000844737
     0.000000000    0.000000000    0.999715775    0.000000000    0.000000000
     0.000000000    0.000000000    0.000000000    0.000000000    0.000000000
     0.000000000    0.000000000    0.000000000    0.000000000    0.000000000
     0.000000000    0.000000000    0.000000000    0.000000000    0.000000000
     0.000000000    0.000000000    0.000000000    0.000000000    0.000000000
     0.000000000    0.000000000    0.000000000    0.000000000    0.000000000
     0.000000000    0.000000000    0.000000000
    -0.002124623    0.005491646   -0.000117788    0.001029917    0.000000000
     0.000000000    0.005894724    0.000000000    0.000000000   -0.000307333
     0.000000000    0.000000000    0.001634666    0.000000000    0.000000000
    -0.000134664   -0.001617588    0.000000000    0.000000000    0.000000000
     0.000000000    0.001360711    0.000000000    0.000000000    0.000000000
     0.000000000   -0.000772953    0.000000000    0.000000000    0.000000000
     0.000000000    0.000226173    0.000000000    0.000000000    0.000000000
     0.000000000    0.000000000    0.000000000   -1.105784519    1.134976786
     0.000000000    0.000000000    0.447244657    0.002264098    0.002345947
     0.000000000   -0.000159487    0.000076027    0.002264098    0.002345947
    -0.000151681   -0.000049284    0.000076027    0.002264098    0.002345947
    -0.000093744    0.000129027    0.000076027    0.002264098    0.002345947
     0.000151681   -0.000049284    0.000076027    0.002264098    0.002345947
     0.000093744    0.000129027    0.000076027
    -0.000610930    0.000671910   -0.000646237    0.000131741    0.000000000
     0.000000001   -0.002207087    0.000000000    0.000000000   -0.000138702
     0.000000000    0.000000000   -0.000583015    0.000000000    0.000000000
     0.000002246   -0.000199022    0.000000000    0.000000000    0.000000000
     0.000000000    0.000159073    0.000000000    0.000000000    0.000000000
     0.000000000   -0.000094860    0.000000000    0.000000000    0.000000000
     0.000000000    0.000017581    0.000000000    0.000000000    0.000000000
     0.000000000    0.000000000    0.000000000   -0.586065828    0.547397924
     0.000000000   -0.000000443   -0.892684656    0.000288304    0.000267682
     0.000000000   -0.000020633    0.000007842    0.000288303    0.000267683
    -0.000019623   -0.000006376    0.000007842    0.000288304    0.000267683
    -0.000012128    0.000016693    0.000007843    0.000288303    0.000267683
     0.000019623   -0.000006376    0.000007842    0.000288304    0.000267683
     0.000012128    0.000016693    0.000007843
     0.000000000    0.000000001    0.000000000    0.000000000    0.000000000
    -0.000710803   -0.000000001    0.000000000    0.000060419   -0.000000001
     0.000000000   -0.000205628    0.000000001    0.000000000    0.000017634
     0.000000001    0.000000000    0.000000000   -0.000370344    0.000000000
     0.000000000    0.000000000    0.000000000    0.000302502    0.000000000
     0.000000000    0.000000000    0.000000000   -0.000152812    0.000000000
     0.000000000    0.000000000    0.000000000   -0.000006765    0.000000000
     0.000000000    0.000000000    0.000000000   -0.000000260    0.000000243
     0.000000000    1.000141956   -0.000000396    0.000263671    0.000350505
     0.000000000   -0.000014281    0.000006328    0.000081453    0.000108333
    -0.000006519    0.000005699    0.000002124   -0.000213314   -0.000283564
     0.000010508   -0.000006646   -0.000005119    0.000081453    0.000108333
     0.000006519    0.000005699    0.000002124   -0.000213314   -0.000283564
    -0.000010508   -0.000006646   -0.000005119
     0.000000000    0.000000000    0.000000000    0.000000000   -0.000710803
     0.000000000    0.000000000    0.000060420    0.000000000   -0.000000001
    -0.000205628    0.000000000    0.000000001    0.000017635    0.000000000
     0.000000001    0.000000000   -0.000370345    0.000000000    0.000000000
     0.000000003    0.000000000    0.000302503    0.000000000    0.000000000
    -0.000000002    0.000000000   -0.000152813    0.000000000    0.000000000
     0.000000001    0.000000000   -0.000006765    0.000000000    0.000000000
     0.000000000    0.000000000    0.000000000    0.000000000    0.000000000
     1.000141957    0.000000000    0.000000000    0.000000000    0.000000000
     0.000007199    0.000000000    0.000000000    0.000250767    0.000333352
    -0.000012171   -0.000006494    0.000006018    0.000154964    0.000206034
     0.000000240    0.000010429    0.000004170   -0.000250767   -0.000333352
    -0.000012171    0.000006494   -0.000006018   -0.000154964   -0.000206034
     0.000000240   -0.000010429   -0.000004170
     0.002841121   -0.008055820   -0.000486657   -0.001738991    0.000000000
    -0.006294897    0.002583211    0.000000000    0.000448710    0.000117247
     0.000000000   -0.001826744    0.000677091    0.000000000    0.000190289
     0.000084505   -0.000378078    0.000000000   -0.003141203    0.000272144
     0.000000000    0.000233974    0.000000000    0.002563261   -0.000178616
     0.000000000    0.000010171    0.000000000   -0.001314339    0.000114455
     0.000000000   -0.000392937    0.000000000   -0.000041055   -0.000016536
     0.000000000    0.000000000    0.000011129   -0.003045653   -0.002893582
     0.000000000   -0.000000028    0.000247475    1.227806140   -1.201964121
     0.000000000   -0.220405759    0.074133948   -0.001654521   -0.001593113
     0.000117747    0.000038527   -0.000057532   -0.004443071   -0.004982881
     0.000153334   -0.000251788   -0.000144849   -0.001654521   -0.001593113
    -0.000117747    0.000038527   -0.000057532   -0.004443071   -0.004982881
    -0.000153334   -0.000251788   -0.000144849
     0.000000000    0.000000000    0.000000000    0.000000000   -0.000568239
     0.000000000    0.000000000   -0.000546349   -0.000000001    0.000000000
    -0.000060004    0.000000000    0.000000000   -0.000079406    0.000000001
     0.000000000    0.000000000    0.002264652    0.000000000    0.000000000
    -0.003348813    0.000000000   -0.001847684    0.000000000    0.000000000
     0.002197926    0.000000000    0.000949746    0.000000000    0.000000000
    -0.001408401    0.000000000    0.000027651    0.000000000    0.000000000
     0.000203474   -0.000136944    0.000000000    0.000000000    0.000000000
    -0.000000001    0.000000000    0.000000000    0.000000000    0.000000000
     1.002694040    0.000000000    0.000000000   -0.002351544   -0.002893018
     0.000140071    0.000032755   -0.000074412    0.000234356    0.000101153
    -0.000023244    0.000011409    0.000009490    0.002351544    0.002893018
     0.000140071   -0.000032755    0.000074412   -0.000234356   -0.000101153
    -0.000023244   -0.000011409   -0.000009490
     0.000550737   -0.000257017    0.000836971   -0.000055386    0.000000000
     0.002438382   -0.001109875    0.000000000    0.000215578   -0.000063613
     0.000000000    0.000631172   -0.000293130    0.000000000    0.000005993
     0.000011264   -0.000121260    0.000000000   -0.000550423    0.000532164
     0.000000000    0.000079587    0.000000000    0.000448089   -0.000349275
     0.000000000   -0.000039402    0.000000000   -0.000237997    0.000223811
     0.000000000   -0.000022025    0.000000000   -0.000000300   -0.000032334
     0.000000000    0.000000000    0.000021762   -0.000216263   -0.000187384
     0.000000000   -0.000000202    0.000024269    0.314748874   -0.269275014
     0.000000000    0.952048054   -0.198986457    0.000242576    0.000303782
    -0.000017091    0.000001694    0.000009255   -0.000470397   -0.000533624
     0.000029310   -0.000015917   -0.000014456    0.000242576    0.000303782
     0.000017091    0.000001694    0.000009255   -0.000470397   -0.000533624
    -0.000029310   -0.000015917   -0.000014456
     0.000368080   -0.000617088    0.000251072   -0.000109874    0.000000000
     0.000902189    0.000211983    0.000000000   -0.000041520    0.000092273
     0.000000000    0.000254821    0.000047270    0.000000000   -0.000016853
     0.000011191    0.000288173    0.000000000    0.000318624   -0.000668920
     0.000000000   -0.000235170    0.000000000   -0.000260382    0.000439032
     0.000000000    0.000130165    0.000000000    0.000130567   -0.000281326
     0.000000000   -0.000018503    0.000000000    0.000006631    0.000040644
     0.000000000    0.000000000   -0.000027354    0.000113900    0.000144166
     0.000000000    0.000000403   -0.000004667    0.038630887   -0.028462915
     0.000000000   -0.211146656   -0.977241169   -0.000562154   -0.000621503
     0.000036362    0.000011098   -0.000017938   -0.000031157    0.000042916
    -0.000005844   -0.000014333   -0.000001293   -0.000562154   -0.000621503
    -0.000036362    0.000011098   -0.000017938   -0.000031157    0.000042916
     0.000005844   -0.000014333   -0.000001293
     0.002841992   -0.008058225   -0.000486728   -0.001739449   -0.006002274
    -0.001950407    0.002583189    0.000478571    0.000157300    0.000117472
    -0.001730841   -0.000562742    0.000677059    0.000143939    0.000047053
     0.000084547   -0.000377353   -0.002991110   -0.000979652   -0.000221470
    -0.000159956    0.000233378    0.002443293    0.000800223    0.000145358
     0.000104984    0.000010513   -0.001233384   -0.000404007   -0.000093143
    -0.000067272   -0.000393026   -0.000055369   -0.000018091    0.000013457
     0.000009719   -0.000006541   -0.000009057   -0.003045660   -0.002893588
    -0.000000027   -0.000000009    0.000247475   -0.001675429   -0.001581304
     0.000000255    0.000133235   -0.000059989    1.227792121   -1.201950193
    -0.209615929   -0.068108345    0.074133099   -0.001638045   -0.001603173
     0.000068600   -0.000093984   -0.000055558   -0.004418434   -0.005006541
    -0.000282665    0.000066664   -0.000143367   -0.004434300   -0.004985227
    -0.000188473   -0.000218668   -0.000143342
     0.000000000    0.000000000    0.000000000    0.000000000    0.000175595
    -0.000540426    0.000000000    0.000168831   -0.000519609    0.000000000
     0.000018542   -0.000057067    0.000000000    0.000024538   -0.000075520
     0.000000000    0.000000000   -0.000699815    0.002153812    0.001968382
    -0.002709248    0.000000000    0.000570965   -0.001757252   -0.001291908
     0.001778160    0.000000000   -0.000293487    0.000903262    0.000827837
    -0.001139421    0.000000000   -0.000008545    0.000026298   -0.000119599
     0.000164614   -0.000110790    0.000080494    0.000000000    0.000000000
     0.000000192   -0.000000590    0.000000000   -0.002351544   -0.002893017
    -0.000011939    0.000143337   -0.000074412   -0.000000009    0.000000005
    -0.309849451    0.953618714    0.000000228    0.002351544    0.002893018
    -0.000074309    0.000123185    0.000074412    0.000234365    0.000101148
     0.000018002   -0.000018837    0.000009262   -0.000234374   -0.000101140
    -0.000003599   -0.000025804   -0.000009034
     0.000551870   -0.000260133    0.000836886   -0.000055979    0.002319038
     0.000753491   -0.001109920    0.000204843    0.000066555   -0.000063317
     0.000600314    0.000195052   -0.000293179    0.000005672    0.000001844
     0.000011315   -0.000120314   -0.000522689   -0.000169830   -0.000429159
    -0.000311801    0.000078810    0.000425510    0.000138255    0.000281670
     0.000204644   -0.000038956   -0.000226016   -0.000073436   -0.000180490
    -0.000131133   -0.000022140   -0.000000275   -0.000000089    0.000026076
     0.000018945   -0.000012751   -0.000017550   -0.000216267   -0.000187387
    -0.000000193    0.000000000    0.000024269    0.000251042    0.000299141
     0.000006892   -0.000019317    0.000011097    0.314748309   -0.269275359
     0.905451091    0.294198894   -0.198986374    0.000252458    0.000297936
    -0.000003430    0.000016447    0.000009374   -0.000469575   -0.000534684
    -0.000027082    0.000023895   -0.000015093   -0.000469953   -0.000534355
    -0.000007185   -0.000034315   -0.000014852
     0.000368079   -0.000617088    0.000251070   -0.000109874    0.000858031
     0.000278790    0.000211985   -0.000039489   -0.000012832    0.000092274
     0.000242348    0.000078744    0.000047269   -0.000016028   -0.000005207
     0.000011190    0.000288173    0.000303030    0.000098462    0.000541167
     0.000393181   -0.000235170   -0.000247638   -0.000080464   -0.000355184
    -0.000258056    0.000130165    0.000124176    0.000040348    0.000227597
     0.000165359   -0.000018503    0.000006307    0.000002049   -0.000032881
    -0.000023890    0.000016078    0.000022130    0.000113901    0.000144166
     0.000000383    0.000000284   -0.000004667   -0.000562440   -0.000621261
    -0.000000681    0.000037251   -0.000017461    0.038630886   -0.028462916
    -0.200812473   -0.065247683   -0.977241156   -0.000562417   -0.000621275
     0.000021391   -0.000030357   -0.000018011   -0.000031142    0.000042905
    -0.000011672   -0.000009792   -0.000001691   -0.000031147    0.000042910
    -0.000015523    0.000001257   -0.000001539
     0.002844742   -0.008065792   -0.000486933   -0.001740885   -0.003709757
     0.005105931    0.002583029    0.000298444   -0.000409128    0.000118199
    -0.001070228    0.001472723    0.000676930    0.000089381   -0.000122761
     0.000084679   -0.000374996   -0.001860130    0.002553147    0.000090902
     0.000264353    0.000231444    0.001519440   -0.002085534   -0.000059662
    -0.000173503    0.000011622   -0.000767096    0.001052844    0.000038230
     0.000111178   -0.000393303   -0.000034369    0.000047213   -0.000005523
    -0.000016062    0.000010810    0.000003717   -0.003045604   -0.002893535
    -0.000000017    0.000000023    0.000247471   -0.004382938   -0.005017530
    -0.000023948    0.000284343   -0.000141538   -0.001697176   -0.001570452
     0.000124206    0.000040088   -0.000059855    1.227785957   -1.201941794
    -0.129549043    0.178308960    0.074132696   -0.004395171   -0.005016102
    -0.000264571    0.000111145   -0.000142137   -0.001664696   -0.001584962
    -0.000073629   -0.000101778   -0.000058122
     0.000000000    0.000000000    0.000000000    0.000000000   -0.000459714
    -0.000334001    0.000000000   -0.000442006   -0.000321134    0.000000000
    -0.000048544   -0.000035270    0.000000000   -0.000064241   -0.000046675
     0.000000000    0.000000000    0.001832141    0.001331128   -0.003184913
     0.001034842    0.000000000   -0.001494807   -0.001086040    0.002090353
    -0.000679198    0.000000000    0.000768360    0.000558246   -0.001339470
     0.000435221    0.000000000    0.000022370    0.000016253    0.000193516
    -0.000062877    0.000042318   -0.000130241    0.000000000    0.000000000
    -0.000000502   -0.000000365    0.000000000    0.000234375    0.000101143
    -0.000012605   -0.000022991    0.000009033   -0.002351549   -0.002893012
     0.000132709    0.000055509   -0.000074271   -0.000000015    0.000000010
     0.811196542    0.589368688    0.000000369   -0.000234381   -0.000101138
    -0.000025742   -0.000004725   -0.000008892    0.002351559    0.002893007
     0.000094036    0.000108952    0.000074043
     0.000552785   -0.000262654    0.000836816   -0.000056459    0.001433230
    -0.001972672   -0.001109954    0.000126598   -0.000174403   -0.000063081
     0.000371011   -0.000510626   -0.000293214    0.000003505   -0.000004850
     0.000011361   -0.000119548   -0.000323037    0.000445297    0.000162555
     0.000504509    0.000078181    0.000262977   -0.000362508   -0.000106690
    -0.000331124   -0.000038595   -0.000139684    0.000192542    0.000068366
     0.000212180   -0.000022233   -0.000000170    0.000000243   -0.000009877
    -0.000030654    0.000020631    0.000006647   -0.000216269   -0.000187389
    -0.000000119    0.000000164    0.000024269   -0.000468905   -0.000535921
     0.000014357    0.000036185   -0.000015736    0.000257954    0.000295344
    -0.000019317   -0.000013524    0.000011051    0.314748094   -0.269275472
     0.559599436   -0.770222546   -0.198986336   -0.000461694   -0.000539308
    -0.000035929   -0.000003422   -0.000014922    0.000251315    0.000298626
     0.000016354    0.000010783    0.000010002
     0.000368079   -0.000617088    0.000251070   -0.000109874    0.000530291
    -0.000729885    0.000211985   -0.000024406    0.000033591    0.000092272
     0.000149779   -0.000206154    0.000047270   -0.000009906    0.000013634
     0.000011191    0.000288173    0.000187285   -0.000257773   -0.000206708
    -0.000636181   -0.000235170   -0.000153051    0.000210654    0.000135669
     0.000417545    0.000130165    0.000076746   -0.000105631   -0.000086935
    -0.000267557   -0.000018503    0.000003898   -0.000005365    0.000012560
     0.000038654   -0.000026016   -0.000008453    0.000113901    0.000144166
     0.000000699   -0.000000326   -0.000004667   -0.000031126    0.000042894
    -0.000012687    0.000007989   -0.000002089   -0.000562451   -0.000621255
     0.000035268    0.000012176   -0.000017215    0.038630886   -0.028462916
    -0.124108585    0.170821454   -0.977241165   -0.000031134    0.000042903
    -0.000003584    0.000014994   -0.000001843   -0.000562433   -0.000621263
    -0.000022123   -0.000029931   -0.000017613
     0.002841992   -0.008058225   -0.000486728   -0.001739449    0.006002274
    -0.001950407    0.002583189   -0.000478571    0.000157300    0.000117472
     0.001730841   -0.000562742    0.000677059   -0.000143939    0.000047053
     0.000084547   -0.000377353    0.002991110   -0.000979652   -0.000221470
     0.000159956    0.000233378   -0.002443293    0.000800223    0.000145358
    -0.000104984    0.000010513    0.001233384   -0.000404007   -0.000093143
     0.000067272   -0.000393026    0.000055369   -0.000018091    0.000013457
    -0.000009719    0.000006541   -0.000009057   -0.003045660   -0.002893588
     0.000000027   -0.000000009    0.000247475   -0.001675429   -0.001581304
    -0.000000255    0.000133235   -0.000059989   -0.004418434   -0.005006541
     0.000282665    0.000066664   -0.000143367   -0.004434300   -0.004985227
     0.000188473   -0.000218668   -0.000143342    1.227792121   -1.201950193
     0.209615929   -0.068108345    0.074133099   -0.001638045   -0.001603173
    -0.000068600   -0.000093984   -0.000055558
     0.000000000    0.000000000    0.000000000    0.000000000   -0.000175595
    -0.000540426    0.000000000   -0.000168831   -0.000519610    0.000000000
    -0.000018542   -0.000057066    0.000000000   -0.000024538   -0.000075519
     0.000000000    0.000000000    0.000699815    0.002153812    0.001968382
     0.002709248    0.000000000   -0.000570965   -0.001757252   -0.001291908
    -0.001778160    0.000000000    0.000293487    0.000903262    0.000827837
     0.001139421    0.000000000    0.000008545    0.000026298   -0.000119599
    -0.000164614    0.000110790    0.000080494    0.000000000    0.000000000
    -0.000000192   -0.000000590    0.000000000   -0.002351544   -0.002893017
     0.000011939    0.000143337   -0.000074412    0.000234365    0.000101148
    -0.000018002   -0.000018837    0.000009262   -0.000234374   -0.000101140
     0.000003599   -0.000025804   -0.000009034   -0.000000009    0.000000005
     0.309849451    0.953618714    0.000000228    0.002351544    0.002893018
     0.000074309    0.000123185    0.000074412
     0.000551870   -0.000260133    0.000836886   -0.000055979   -0.002319038
     0.000753491   -0.001109921   -0.000204843    0.000066556   -0.000063317
    -0.000600314    0.000195052   -0.000293178   -0.000005672    0.000001844
     0.000011316   -0.000120314    0.000522689   -0.000169830   -0.000429159
     0.000311801    0.000078810   -0.000425510    0.000138255    0.000281670
    -0.000204644   -0.000038956    0.000226016   -0.000073436   -0.000180490
     0.000131133   -0.000022140    0.000000275   -0.000000089    0.000026076
    -0.000018945    0.000012751   -0.000017550   -0.000216267   -0.000187387
     0.000000193    0.000000000    0.000024269    0.000251042    0.000299141
    -0.000006892   -0.000019317    0.000011097   -0.000469575   -0.000534684
     0.000027082    0.000023895   -0.000015093   -0.000469953   -0.000534355
     0.000007185   -0.000034315   -0.000014852    0.314748309   -0.269275359
    -0.905451091    0.294198894   -0.198986374    0.000252458    0.000297936
     0.000003430    0.000016447    0.000009374
     0.000368079   -0.000617088    0.000251070   -0.000109874   -0.000858031
     0.000278790    0.000211985    0.000039489   -0.000012832    0.000092273
    -0.000242348    0.000078744    0.000047270    0.000016028   -0.000005207
     0.000011191    0.000288173   -0.000303030    0.000098462    0.000541167
    -0.000393181   -0.000235170    0.000247638   -0.000080464   -0.000355184
     0.000258056    0.000130165   -0.000124176    0.000040348    0.000227597
    -0.000165359   -0.000018503   -0.000006307    0.000002049   -0.000032881
     0.000023890   -0.000016078    0.000022130    0.000113901    0.000144166
    -0.000000383    0.000000284   -0.000004667   -0.000562440   -0.000621261
     0.000000681    0.000037251   -0.000017461   -0.000031142    0.000042905
     0.000011672   -0.000009792   -0.000001691   -0.000031147    0.000042910
     0.000015523    0.000001257   -0.000001539    0.038630886   -0.028462916
     0.200812473   -0.065247683   -0.977241156   -0.000562417   -0.000621275
    -0.000021391   -0.000030357   -0.000018011
     0.002844742   -0.008065792   -0.000486933   -0.001740885    0.003709757
     0.005105931    0.002583029   -0.000298444   -0.000409128    0.000118199
     0.001070228    0.001472723    0.000676930   -0.000089381   -0.000122762
     0.000084679   -0.000374996    0.001860130    0.002553147    0.000090902
    -0.000264353    0.000231444   -0.001519440   -0.002085534   -0.000059662
     0.000173503    0.000011622    0.000767096    0.001052844    0.000038230
    -0.000111178   -0.000393303    0.000034369    0.000047213   -0.000005523
     0.000016062   -0.000010810    0.000003717   -0.003045604   -0.002893535
     0.000000017    0.000000023    0.000247471   -0.004382938   -0.005017530
     0.000023948    0.000284343   -0.000141538   -0.004395171   -0.005016102
     0.000264571    0.000111145   -0.000142137   -0.001664696   -0.001584962
     0.000073629   -0.000101778   -0.000058122   -0.001697176   -0.001570452
    -0.000124206    0.000040088   -0.000059855    1.227785957   -1.201941794
     0.129549043    0.178308960    0.074132696
     0.000000000    0.000000000    0.000000000    0.000000000   -0.000459714
     0.000334002    0.000000000   -0.000442006    0.000321136    0.000000000
    -0.000048544    0.000035269    0.000000000   -0.000064241    0.000046673
     0.000000000    0.000000000    0.001832141   -0.001331128    0.003184913
     0.001034842    0.000000000   -0.001494807    0.001086040   -0.002090353
    -0.000679198    0.000000000    0.000768360   -0.000558246    0.001339470
     0.000435221    0.000000000    0.000022370   -0.000016253   -0.000193516
    -0.000062877    0.000042318    0.000130241    0.000000000    0.000000000
    -0.000000502    0.000000365    0.000000000   -0.000234375   -0.000101143
    -0.000012605    0.000022991   -0.000009033    0.000234381    0.000101138
    -0.000025742    0.000004725    0.000008892   -0.002351559   -0.002893007
     0.000094036   -0.000108952   -0.000074043    0.002351549    0.002893012
     0.000132709   -0.000055509    0.000074271    0.000000015   -0.000000010
     0.811196542   -0.589368688   -0.000000369
     0.000552785   -0.000262654    0.000836816   -0.000056459   -0.001433230
    -0.001972672   -0.001109954   -0.000126598   -0.000174404   -0.000063080
    -0.000371011   -0.000510625   -0.000293215   -0.000003505   -0.000004850
     0.000011360   -0.000119548    0.000323037    0.000445297    0.000162555
    -0.000504509    0.000078181   -0.000262977   -0.000362508   -0.000106690
     0.000331124   -0.000038595    0.000139684    0.000192542    0.000068366
    -0.000212180   -0.000022233    0.000000170    0.000000243   -0.000009877
     0.000030654   -0.000020631    0.000006647   -0.000216269   -0.000187389
     0.000000119    0.000000164    0.000024269   -0.000468905   -0.000535921
    -0.000014357    0.000036185   -0.000015736   -0.000461694   -0.000539308
     0.000035929   -0.000003422   -0.000014922    0.000251315    0.000298626
    -0.000016354    0.000010783    0.000010002    0.000257954    0.000295344
     0.000019317   -0.000013524    0.000011051    0.314748094   -0.269275472
    -0.559599436   -0.770222546   -0.198986336
     0.000368079   -0.000617088    0.000251070   -0.000109874   -0.000530291
    -0.000729885    0.000211985    0.000024406    0.000033591    0.000092272
    -0.000149779   -0.000206153    0.000047271    0.000009906    0.000013634
     0.000011192    0.000288173   -0.000187285   -0.000257773   -0.000206708
     0.000636181   -0.000235170    0.000153051    0.000210654    0.000135669
    -0.000417545    0.000130165   -0.000076746   -0.000105631   -0.000086935
     0.000267557   -0.000018503   -0.000003898   -0.000005365    0.000012560
    -0.000038654    0.000026016   -0.000008453    0.000113901    0.000144166
    -0.000000699   -0.000000326   -0.000004667   -0.000031126    0.000042894
     0.000012687    0.000007989   -0.000002089   -0.000031134    0.000042903
     0.000003584    0.000014994   -0.000001843   -0.000562433   -0.000621263
     0.000022123   -0.000029931   -0.000017613   -0.000562451   -0.000621255
    -0.000035268    0.000012176   -0.000017215    0.038630886   -0.028462916
     0.124108585    0.170821454   -0.977241165
