 WH6...b3lyp/vdz
 NLMOs in the AO basis:
 -------------------------------------------------------------------------------
     0.363800613   -0.021030017    0.657571858   -0.004215769    0.000000000
     0.000002156    0.000186133    0.000000000    0.000000076    0.008594184
     0.000000000    0.000000576    0.000874783    0.000000000    0.000000004
     0.004392344   -0.000755614    0.000000000    0.000000020    0.000000000
     0.000000000   -0.004963006    0.000000000   -0.000000022    0.000000000
     0.000000000    0.004486293    0.000000000   -0.000000011    0.000000000
     0.000000000   -0.003167801    0.000000000    0.000000007    0.000000000
     0.000000000    0.000000000    0.000000000   -0.001056565   -0.005971908
     0.000000000    0.000000001   -0.001386085    0.001422775    0.005315709
     0.000000000   -0.002261648    0.001008951    0.001422748    0.005315730
    -0.002150948   -0.000698882    0.001008946    0.001422705    0.005315764
    -0.001329349    0.001829695    0.001008938    0.001422748    0.005315730
     0.002150948   -0.000698882    0.001008946    0.001422705    0.005315764
     0.001329349    0.001829695    0.001008938
     0.000000000    0.000000000    0.000000000    0.000000000    0.878800452
     0.000000000    0.000000000    0.030950487    0.000000000    0.000000000
     0.234837305    0.000000000    0.000000000    0.001526078    0.000000000
     0.000000000    0.000000000    0.007954609    0.000000000    0.000000000
     0.000000000    0.000000000   -0.008994958    0.000000000    0.000000000
     0.000000000    0.000000000   -0.004686604    0.000000000    0.000000000
     0.000000000    0.000000000    0.002923332    0.000000000    0.000000000
     0.000000000    0.000000000    0.000000000    0.000000000    0.000000000
     0.000496520    0.000000000    0.000000000    0.000000000    0.000000000
     0.001229938    0.000000000    0.000000000    0.015101161   -0.011806153
    -0.004207785   -0.001766823    0.002666021    0.009333031   -0.007296604
    -0.000847087    0.002858780    0.001647692   -0.015101161    0.011806153
    -0.004207785    0.001766823   -0.002666021   -0.009333031    0.007296604
    -0.000847087   -0.002858780   -0.001647692
    -0.000000097   -0.000004236    0.000000367   -0.000001105    0.000000000
     0.878800906    0.000012040    0.000000000    0.030950102    0.000001526
     0.000000000    0.234837420    0.000003228    0.000000000    0.001525878
     0.000000629    0.000000834    0.000000000    0.007955059    0.000003428
     0.000000000   -0.000001614    0.000000000   -0.008995806   -0.000006287
     0.000000000    0.000000680    0.000000000   -0.004686398    0.000001157
     0.000000000   -0.000000061    0.000000000    0.002923342   -0.000000225
     0.000000000    0.000000000    0.000000198    0.000000405   -0.000000348
     0.000000000    0.000496535   -0.000000070    0.015871650   -0.012416391
     0.000000000   -0.004781517    0.002803005    0.004906888   -0.003834876
    -0.001766725    0.000655748    0.000866303   -0.012848749    0.010042082
     0.002859024   -0.002704880   -0.002267954    0.004906888   -0.003834876
     0.001766725    0.000655748    0.000866303   -0.012848749    0.010042082
    -0.002859024   -0.002704880   -0.002267954
     0.002826609    0.008149907   -0.002728559   -0.004171876    0.000000000
    -0.000013240    0.880573271    0.000000000   -0.000000466    0.029591307
     0.000000000   -0.000003538    0.234464653    0.000000000   -0.000000023
     0.000543634   -0.002308621    0.000000000   -0.000000120    0.000000000
     0.000000000    0.006555416    0.000000000    0.000000135    0.000000000
     0.000000000    0.003721326    0.000000000    0.000000071    0.000000000
     0.000000000    0.004559784    0.000000000   -0.000000044    0.000000000
     0.000000000    0.000000000    0.000000000    0.012441776   -0.014684515
     0.000000000   -0.000000007   -0.004309876   -0.007279779    0.004177787
     0.000000000    0.003004681   -0.000303082   -0.007279613    0.004177658
     0.002857580    0.000928465   -0.000303053   -0.007279346    0.004177449
     0.001766022   -0.002430739   -0.000303006   -0.007279613    0.004177658
    -0.002857580    0.000928465   -0.000303053   -0.007279346    0.004177449
    -0.001766022   -0.002430739   -0.000303006
    -0.032507152    0.209551745   -0.092179865    0.016453822    0.000000000
     0.000000000   -0.134295161    0.000000000    0.000000000    0.119428082
     0.000000000    0.000000000   -0.028585524    0.000000000    0.000000000
     0.041487889    0.170539780    0.000000000    0.000000000    0.000000000
     0.000000000   -0.308700275    0.000000000    0.000000000    0.000000000
     0.000000000    0.060149777    0.000000000    0.000000000    0.000000000
     0.000000000    0.019646936    0.000000000    0.000000000    0.000000000
     0.000000000    0.000000000    0.000000000    0.445184532    0.208463910
     0.000000000    0.000000000   -0.026064065   -0.005181858   -0.002012364
     0.000000000   -0.000570133   -0.002648221   -0.005181858   -0.002012364
    -0.000542229   -0.000176181   -0.002648221   -0.005181858   -0.002012364
    -0.000335116    0.000461247   -0.002648221   -0.005181858   -0.002012364
     0.000542229   -0.000176181   -0.002648221   -0.005181858   -0.002012364
     0.000335116    0.000461247   -0.002648221
    -0.028454001    0.166802997   -0.076442114    0.039809976    0.000000000
    -0.115804388    0.046399887    0.000000000    0.098249503   -0.041659334
     0.000000000   -0.029409911    0.011421415    0.000000000    0.050987340
    -0.023881978   -0.032788232    0.000000000   -0.114984371   -0.159955663
     0.000000000    0.065222469    0.000000000    0.216369466    0.293375566
     0.000000000   -0.024011446    0.000000000   -0.052705127   -0.054008024
     0.000000000    0.005193513    0.000000000   -0.002613313    0.010507478
     0.000000000    0.000000000   -0.009249079   -0.008113734    0.005357164
     0.000000000   -0.003760012    0.000309425    0.432127717    0.172489403
     0.000000000   -0.020105432    0.010544649    0.009516249   -0.041142140
    -0.005161212    0.010606992   -0.003220936   -0.008008918   -0.002961647
    -0.003256937   -0.003627031    0.002888016    0.009516249   -0.041142140
     0.005161212    0.010606992   -0.003220936   -0.008008918   -0.002961647
     0.003256937   -0.003627031    0.002888016
    -0.028454010    0.166803048   -0.076442137    0.039809988   -0.110149389
    -0.035790700    0.046399901    0.093440357    0.030360553   -0.041659347
    -0.027973927   -0.009089546    0.011421418    0.048491810    0.015755930
    -0.023881985   -0.032788242   -0.109356730   -0.035532138    0.129406889
     0.094019561    0.065222489    0.205779681    0.066861831   -0.237345890
    -0.172441796   -0.024011453   -0.050125476   -0.016286736    0.043693422
     0.031745113    0.005193514   -0.002485451   -0.000807575   -0.008500731
    -0.006176140    0.005436471    0.007482664   -0.008113737    0.005357166
    -0.003575991   -0.001161909    0.000309425    0.009516088   -0.041142103
     0.011682731   -0.001630832   -0.003220954    0.432127463    0.172489599
    -0.019121329   -0.006212902    0.010544606    0.009516244   -0.041142076
     0.008492941    0.008186321   -0.003220946   -0.008008638   -0.002961761
    -0.002443008   -0.004218379    0.002888053   -0.008008646   -0.002961805
    -0.004455930    0.001976779    0.002888054
    -0.028454011    0.166803053   -0.076442139    0.039809989   -0.068076024
     0.093704493    0.046399902    0.057749280   -0.079484879   -0.041659348
    -0.017288827    0.023797601    0.011421418    0.029969568   -0.041249571
    -0.023881986   -0.032788243   -0.067586133    0.093024408   -0.049429080
    -0.152126941    0.065222491    0.127178756   -0.175046645    0.090658148
     0.279016863   -0.024011454   -0.030979228    0.042639229   -0.016689418
    -0.051364705    0.005193514   -0.001536092    0.002114270    0.003246993
     0.009993210   -0.008796400   -0.002858126   -0.008113737    0.005357166
    -0.002210082    0.003041921    0.000309425   -0.008008436   -0.002961814
    -0.004766851    0.001019850    0.002888074    0.009516087   -0.041142173
     0.002059134   -0.011614888   -0.003220947    0.432127377    0.172489674
    -0.011817616    0.016265556    0.010544594   -0.008008559   -0.002961791
     0.000503083    0.004848711    0.002888058    0.009516056   -0.041142039
     0.010410094   -0.005547579   -0.003220966
    -0.028454010    0.166803048   -0.076442137    0.039809988    0.110149389
    -0.035790700    0.046399901   -0.093440357    0.030360553   -0.041659347
     0.027973927   -0.009089546    0.011421418   -0.048491810    0.015755930
    -0.023881986   -0.032788242    0.109356730   -0.035532138    0.129406889
    -0.094019561    0.065222489   -0.205779681    0.066861831   -0.237345890
     0.172441796   -0.024011453    0.050125476   -0.016286736    0.043693422
    -0.031745113    0.005193514    0.002485451   -0.000807575   -0.008500731
     0.006176140   -0.005436471    0.007482664   -0.008113737    0.005357166
     0.003575991   -0.001161909    0.000309425    0.009516088   -0.041142103
    -0.011682731   -0.001630832   -0.003220954   -0.008008638   -0.002961761
     0.002443008   -0.004218379    0.002888053   -0.008008646   -0.002961805
     0.004455930    0.001976779    0.002888054    0.432127463    0.172489599
     0.019121329   -0.006212902    0.010544606    0.009516244   -0.041142076
    -0.008492941    0.008186321   -0.003220946
    -0.028454011    0.166803053   -0.076442139    0.039809989    0.068076024
     0.093704493    0.046399902   -0.057749280   -0.079484879   -0.041659348
     0.017288827    0.023797601    0.011421418   -0.029969568   -0.041249571
    -0.023881986   -0.032788243    0.067586133    0.093024408   -0.049429080
     0.152126941    0.065222491   -0.127178756   -0.175046645    0.090658148
    -0.279016863   -0.024011454    0.030979228    0.042639229   -0.016689418
     0.051364705    0.005193514    0.001536092    0.002114270    0.003246993
    -0.009993210    0.008796400   -0.002858126   -0.008113737    0.005357166
     0.002210082    0.003041921    0.000309425   -0.008008436   -0.002961814
     0.004766851    0.001019850    0.002888074   -0.008008559   -0.002961791
    -0.000503083    0.004848711    0.002888058    0.009516056   -0.041142039
    -0.010410094   -0.005547579   -0.003220966    0.009516087   -0.041142173
    -0.002059134   -0.011614888   -0.003220947    0.432127377    0.172489674
     0.011817616    0.016265556    0.010544594
     0.105007749   -0.893121101   -0.074531234   -0.047430762    0.000000000
     0.000000000   -0.087083935    0.000000000    0.000000000   -0.157235832
     0.000000000    0.000000000   -0.034616337    0.000000000    0.000000000
    -0.045150523   -0.407793566    0.000000000    0.000000000    0.000000000
     0.000000000    0.540400748    0.000000000    0.000000000    0.000000000
     0.000000000   -0.144059752    0.000000000    0.000000000    0.000000000
     0.000000000   -0.044110472    0.000000000    0.000000000    0.000000000
     0.000000000    0.000000000    0.000000000    0.665018228    0.630190462
     0.000000000    0.000000000   -0.045616020    0.085850900    0.031556633
     0.000000000   -0.003132001    0.004178931    0.085850900    0.031556633
    -0.002978710   -0.000967841    0.004178931    0.085850900    0.031556633
    -0.001840944    0.002533842    0.004178931    0.085850900    0.031556633
     0.002978710   -0.000967841    0.004178931    0.085850900    0.031556633
     0.001840944    0.002533842    0.004178931
     0.080211316   -0.816125136   -0.070870247   -0.073961669    0.000000000
    -0.106440821    0.058515981    0.000000000   -0.151334588    0.069858602
     0.000000000   -0.031600123    0.017845952    0.000000000   -0.062697320
     0.032590283    0.099835166    0.000000000    0.285907507    0.265196423
     0.000000000   -0.133331903    0.000000000   -0.387888060   -0.350226045
     0.000000000    0.056663548    0.000000000    0.121117247    0.081006488
     0.000000000   -0.020672452    0.000000000    0.005170988   -0.016908363
     0.000000000    0.000000000    0.013587528    0.093429708    0.016254712
     0.000000000    0.002662519   -0.003950179    0.679379075    0.682400575
     0.000000000   -0.038106030    0.018124062   -0.051626576    0.026106395
    -0.004316842   -0.002936720    0.002673741    0.104997578    0.024838881
    -0.000686602    0.004478224   -0.001395923   -0.051626576    0.026106395
     0.004316842   -0.002936720    0.002673741    0.104997578    0.024838881
     0.000686602    0.004478224   -0.001395923
     0.080201032   -0.816129228   -0.070856484   -0.073940816   -0.101230041
    -0.032888523    0.058517150   -0.143932560   -0.046750465    0.069858976
    -0.030052760   -0.009764260    0.017846441   -0.059628337   -0.019373485
     0.032590703    0.099838962    0.271909696    0.088338940   -0.214545954
    -0.155880971   -0.133336141   -0.368895195   -0.119853587    0.283350470
     0.205851517    0.056665142    0.115189232    0.037422149   -0.065528017
    -0.047619388   -0.020675233    0.004917727    0.001597772    0.013681556
     0.009937395   -0.007985650   -0.010994490    0.093429636    0.016248014
     0.002532324    0.000823064   -0.003950576   -0.051646007    0.026124790
    -0.001459353   -0.005003743    0.002671213    0.679380428    0.682388581
    -0.036241150   -0.011775966    0.018124327   -0.051607367    0.026095954
    -0.004132277    0.003204587    0.002676054    0.105045510    0.024770775
     0.004479248    0.000727587   -0.001392907    0.105017609    0.024849602
     0.004051920    0.002043830   -0.001393641
     0.080206882   -0.816135343   -0.070863742   -0.073951879   -0.062561089
     0.086109353    0.058517174   -0.088955072    0.122436838    0.069858660
    -0.018572675    0.025563588    0.017846415   -0.036851039    0.050721861
     0.032590879    0.099838044    0.168041991   -0.231293981    0.081950140
     0.252214842   -0.133335569   -0.227978528    0.313791417   -0.108239806
    -0.333100973    0.056664875    0.071188653   -0.097984120    0.025026017
     0.077032696   -0.020673869    0.003039139   -0.004183107   -0.005226837
    -0.016083177    0.012924453    0.004200309    0.093430815    0.016251719
     0.001565077   -0.002154149   -0.003950414    0.105053928    0.024786784
     0.002076368   -0.004035531   -0.001392839   -0.051663378    0.026155373
    -0.005213368   -0.000159311    0.002671752    0.679381682    0.682373001
    -0.022398179    0.030828380    0.018124127    0.105035536    0.024814481
     0.003193929   -0.003221051   -0.001393735   -0.051643235    0.026137616
     0.001764176    0.004911266    0.002672777
     0.080201032   -0.816129228   -0.070856484   -0.073940816    0.101230041
    -0.032888523    0.058517150    0.143932560   -0.046750465    0.069858976
     0.030052760   -0.009764260    0.017846441    0.059628337   -0.019373485
     0.032590703    0.099838962   -0.271909696    0.088338940   -0.214545954
     0.155880971   -0.133336141    0.368895195   -0.119853587    0.283350470
    -0.205851517    0.056665142   -0.115189232    0.037422149   -0.065528017
     0.047619388   -0.020675233   -0.004917727    0.001597772    0.013681556
    -0.009937395    0.007985650   -0.010994490    0.093429636    0.016248014
    -0.002532324    0.000823064   -0.003950576   -0.051646007    0.026124790
     0.001459353   -0.005003743    0.002671213    0.105045510    0.024770775
    -0.004479248    0.000727587   -0.001392907    0.105017609    0.024849602
    -0.004051920    0.002043830   -0.001393641    0.679380428    0.682388581
     0.036241150   -0.011775966    0.018124327   -0.051607367    0.026095954
     0.004132277    0.003204587    0.002676054
     0.080206882   -0.816135343   -0.070863742   -0.073951879    0.062561089
     0.086109353    0.058517174    0.088955072    0.122436838    0.069858660
     0.018572675    0.025563588    0.017846415    0.036851039    0.050721861
     0.032590879    0.099838044   -0.168041991   -0.231293981    0.081950140
    -0.252214842   -0.133335569    0.227978528    0.313791417   -0.108239806
     0.333100973    0.056664875   -0.071188653   -0.097984120    0.025026017
    -0.077032696   -0.020673869   -0.003039139   -0.004183107   -0.005226837
     0.016083177   -0.012924453    0.004200309    0.093430815    0.016251719
    -0.001565077   -0.002154149   -0.003950414    0.105053928    0.024786784
    -0.002076368   -0.004035531   -0.001392839    0.105035536    0.024814481
    -0.003193929   -0.003221051   -0.001393735   -0.051643235    0.026137616
    -0.001764176    0.004911266    0.002672777   -0.051663378    0.026155373
     0.005213368   -0.000159311    0.002671752    0.679381682    0.682373001
     0.022398179    0.030828380    0.018124127
    -0.331472306   -0.575232779    0.263704227    0.209789097    0.000000000
     0.000000000   -0.350430810    0.000000000    0.000000000    0.693006722
    -0.000000001    0.000000000    0.265923198   -0.000000001    0.000000000
    -1.077002370   -0.268428375    0.000000000    0.000000000    0.000000000
     0.000000000   -0.279226901    0.000000000    0.000000000    0.000000000
     0.000000000   -0.402073194    0.000000000    0.000000000    0.000000000
     0.000000000   -0.536704748    0.000000000    0.000000000    0.000000000
     0.000000000    0.000000000    0.000000000   -0.332716213    1.041741805
     0.000000000    0.000000000   -0.198093199    0.288667339   -0.165569909
     0.000000000   -0.075050010   -0.012319509    0.288667339   -0.165569909
    -0.071376801   -0.023191728   -0.012319509    0.288667339   -0.165569909
    -0.044113289    0.060716733   -0.012319509    0.288667339   -0.165569910
     0.071376800   -0.023191728   -0.012319509    0.288667339   -0.165569909
     0.044113289    0.060716733   -0.012319509
     0.000014998   -0.000018430   -0.000019523   -0.000027653    0.000000000
     0.356578502    0.000000204    0.000000000    0.108721291    0.000003556
     0.000000000   -0.254106863   -0.000000178    0.000000000    1.848009116
     0.000000278   -0.000001696    0.000000000    0.031056355    0.000011544
     0.000000000    0.000001837    0.000000000   -0.139894979    0.000008699
     0.000000000   -0.000000218    0.000000000   -1.110191784    0.000014310
     0.000000000    0.000002342    0.000000000    0.367240458    0.000002441
     0.000000000    0.000000000   -0.000002016    0.000002257    0.000008117
     0.000000000   -0.020383521    0.000000362    0.493672843   -1.591873175
     0.000000000    0.087255996    0.032804599    0.152567335   -0.491968626
     0.026721246    0.005006363    0.010138292   -0.399435645    1.287954902
    -0.043234618    0.055831729   -0.026542934    0.152567335   -0.491968626
    -0.026721246    0.005006363    0.010138292   -0.399435646    1.287954902
     0.043234617    0.055831729   -0.026542934
     0.000000000    0.000000000    0.000000000    0.000000000    0.356578770
     0.000000000    0.000000000    0.108731939    0.000000000    0.000000000
    -0.254107390    0.000000000    0.000000000    1.848009830    0.000000000
     0.000000000    0.000000000    0.031057672    0.000000000    0.000000000
     0.000000000    0.000000000   -0.139900175    0.000000000    0.000000000
     0.000000000    0.000000000   -1.110194057    0.000000000    0.000000000
     0.000000000    0.000000000    0.367240629    0.000000000    0.000000000
     0.000000000    0.000000000    0.000000000    0.000000000    0.000000000
    -0.020383760    0.000000000    0.000000000    0.000000000    0.000000000
    -0.003675323    0.000000000    0.000000000    0.469565524   -1.514066435
     0.078561889    0.026720490    0.031202805    0.290207454   -0.935744518
     0.027736497   -0.043234661    0.019284394   -0.469565524    1.514066435
     0.078561889   -0.026720490   -0.031202805   -0.290207454    0.935744519
     0.027736497    0.043234661   -0.019284394
     0.305190964    0.651471281   -0.118976429    1.473236088    0.000000000
     0.000000000   -0.085619949    0.000000000    0.000000000   -1.265430273
     0.000000000    0.000000000   -0.012082556    0.000000000    0.000000000
    -2.124920472    0.721487101    0.000000000    0.000000000    0.000000001
     0.000000000    0.618997877    0.000000000    0.000000000    0.000000000
     0.000000000   -1.410431427    0.000000000    0.000000000    0.000000000
     0.000000000    0.228271423    0.000000000    0.000000000   -0.000000001
     0.000000000    0.000000000    0.000000001   -0.703677274    2.685019523
     0.000000000    0.000000000   -0.032619906    0.135501887   -1.215584975
     0.000000000    0.106386909   -0.035312778    0.135501887   -1.215584977
     0.101179965    0.032875363   -0.035312778    0.135501887   -1.215584976
     0.062532656   -0.086068818   -0.035312778    0.135501887   -1.215584977
    -0.101179964    0.032875363   -0.035312778    0.135501887   -1.215584977
    -0.062532657   -0.086068818   -0.035312778
     0.000000000    0.000000001    0.000000000    0.000000000    0.485654557
     0.000000000    0.000000000    3.141776217    0.000000000   -0.000000002
    -1.727179298    0.000000000    0.000000001    0.168682451    0.000000000
    -0.000000001   -0.000000001   -0.574120026    0.000000000    0.000000000
    -0.006800415    0.000000000   -0.264136122    0.000000000    0.000000000
    -0.006212112    0.000000000   -0.716591022    0.000000000    0.000000000
    -0.006366084    0.000000000    0.039783511    0.000000000    0.000000000
     0.000265058   -0.000149456    0.000000000    0.000000000    0.000000001
    -0.008883295    0.000000000    0.000000000    0.000000000   -0.000000001
    -0.080181896    0.000000000    0.000000000   -0.275949251   -1.247445880
    -0.108133187   -0.008856739    0.074262793   -0.173777251   -0.776242236
    -0.090896882    0.014383553    0.045696673    0.275949250    1.247445879
    -0.108133187    0.008856739   -0.074262793    0.173777251    0.776242235
    -0.090896882   -0.014383553   -0.045696673
    -0.663663427    0.231310358    0.594015872    0.334816610    0.000000000
    -0.121412300   -0.013844031    0.000000000   -2.011769387   -0.550044707
     0.000000000    0.120996922    0.101999818    0.000000000   -1.836486639
    -0.145685635   -0.047802147    0.000000000    0.558222963    0.013657243
     0.000000000   -0.030111553    0.000000000    0.066445842    0.012475757
     0.000000000   -0.324841098    0.000000000    0.969005067    0.012784979
     0.000000000   -0.028716440    0.000000000    0.773561264   -0.000532314
     0.000000000    0.000000000    0.000300152    0.018610475    0.452791922
     0.000000000   -0.127662171   -0.022915829   -0.029065027    2.086765129
     0.000000000   -0.188946997    0.125454431   -0.052745300    0.506305236
    -0.077941254    0.021398504    0.046195498   -0.071088853   -2.018308060
     0.096938533   -0.087561503   -0.080810381   -0.052745300    0.506305236
     0.077941253    0.021398504    0.046195498   -0.071088853   -2.018308059
    -0.096938533   -0.087561503   -0.080810381
     0.210451130    0.186485229   -0.097660231    2.032923116    0.000000000
     0.033167857   -0.078648512    0.000000000   -0.519462844   -2.711586736
     0.000000000   -0.020475740    0.548576631    0.000000000   -0.090761806
    -0.738626620   -1.014150803    0.000000000    0.204318714    0.007943179
     0.000000000   -0.320069082    0.000000000    0.104464845    0.007256016
     0.000000000   -0.717603985    0.000000000    0.207972788    0.007435862
     0.000000000   -0.694765728    0.000000000   -0.177936266   -0.000309599
     0.000000000    0.000000000    0.000174571    0.778010194    1.517555618
     0.000000000    0.013722608   -0.292614276    0.075233740   -0.758401975
     0.000000000   -0.056048281   -0.046449418   -0.008185737   -0.978866332
    -0.032623210   -0.005288670   -0.039164668   -0.131545424   -1.316610426
     0.004939585   -0.001987808   -0.026657799   -0.008185737   -0.978866332
     0.032623210   -0.005288670   -0.039164669   -0.131545424   -1.316610426
    -0.004939585   -0.001987808   -0.026657798
    -0.276066024    0.103531470    0.248599332    0.164122064    0.000000000
     0.472520351   -0.008899239    0.000000000    3.199048405   -0.272778165
     0.000000000   -1.696471450    0.054471028    0.000000000    0.186519536
    -0.072733891   -0.022905063    0.000000000   -0.611210259    0.007045201
     0.000000000   -0.015774184    0.000000000   -0.286262125    0.006435723
     0.000000000   -0.163395905    0.000000000   -0.752798979    0.006595237
     0.000000000   -0.014185664    0.000000000    0.064636275   -0.000274597
     0.000000000    0.000000000    0.000154835    0.012788960    0.221722830
     0.000000000   -0.010180687   -0.009501364   -0.332446123   -1.449060955
     0.000000000   -0.108236678    0.083181741   -0.122271658   -0.517821877
    -0.011761774   -0.084084633    0.029009436    0.228100454    1.005784230
     0.007013636   -0.090360189   -0.058004685   -0.122271658   -0.517821877
     0.011761773   -0.084084633    0.029009435    0.228100454    1.005784231
    -0.007013635   -0.090360189   -0.058004685
     0.000000000    0.000000000    0.000000000    0.000000000   -0.143882916
     0.000000000    0.000000000   -1.191094519    0.000000000   -0.000000001
     0.128060181    0.000000000    0.000000000   -1.503203312    0.000000000
     0.000000000    0.000000000    0.275457791    0.000000000    0.000000000
     0.048318120    0.000000000   -0.043418238    0.000000000    0.000000000
     0.044138126    0.000000000    0.629933824    0.000000000    0.000000000
     0.045232128    0.000000000    0.887967397    0.000000000    0.000000000
    -0.001883280    0.001061912    0.000000000    0.000000000    0.000000000
    -0.128781554    0.000000000    0.000000000    0.000000000    0.000000000
     0.033958430    0.000000000    0.000000000   -0.107005642    1.548178585
    -0.100656366   -0.045338983    0.106991124   -0.043174644    0.994330098
    -0.017185997    0.072983093    0.067547013    0.107005642   -1.548178585
    -0.100656366    0.045338983   -0.106991124    0.043174644   -0.994330099
    -0.017185997   -0.072983093   -0.067547013
    -2.383600766    0.736180646    2.093789952    0.199600588    0.000000000
     0.063337482   -0.024588855    0.000000000   -0.934745539   -0.688697349
     0.000000000   -0.036721842    0.127548369    0.000000000   -0.169962544
    -0.174403541    0.367578606    0.000000000    0.342486464    0.051043686
     0.000000000    0.050073589    0.000000000    0.158295806    0.046627905
     0.000000000   -0.900786960    0.000000000    0.350396498    0.047783617
     0.000000000    0.264518623    0.000000000   -0.361628016   -0.001989514
     0.000000000    0.000000000    0.001121813   -0.326435619    0.936692842
     0.000000000    0.029926833    0.080584027    0.040204897    0.416426806
     0.000000000   -0.096421904    0.037642580   -0.128644855   -0.019845791
    -0.052420542   -0.007635310    0.051856632   -0.327204775   -0.603816117
     0.011764644   -0.010010509    0.079481592   -0.128644855   -0.019845791
     0.052420542   -0.007635310    0.051856632   -0.327204775   -0.603816117
    -0.011764644   -0.010010509    0.079481592
     1.260526428   -0.957093169   -1.167601877    2.560601817    0.000000000
     0.036347239    0.076791884    0.000000000   -0.432424795    1.331586111
     0.000000000   -0.091195368   -0.439819059    0.000000000   -0.241347262
     0.676203516    0.027125806    0.000000000    0.188478033   -0.004332188
     0.000000000   -0.039810953    0.000000000    0.081335145   -0.003957411
     0.000000000    0.914830925    0.000000000    0.224654140   -0.004055499
     0.000000000    0.327402675    0.000000000   -0.041226849    0.000168854
     0.000000000    0.000000000   -0.000095211   -0.020393959   -2.363716695
     0.000000000   -0.004572730    0.134948368    0.190335500    0.261649236
     0.000000000    0.036101459   -0.042414690    0.141378030   -0.003644889
     0.064331334    0.025539197   -0.047960897    0.055827921   -0.443248568
     0.074509833   -0.097644441   -0.057327481    0.141378030   -0.003644890
    -0.064331334    0.025539197   -0.047960897    0.055827921   -0.443248568
    -0.074509832   -0.097644441   -0.057327481
     0.000000000    0.000000000    0.000000000    0.000000000   -0.000933252
     0.000000000    0.000000000    0.361818740    0.000000000    0.000000000
     0.006215265    0.000000000    0.000000000    0.243007128    0.000000000
     0.000000000    0.000000000   -0.110986988    0.000000000    0.000000000
     1.302743881    0.000000000   -0.024952350    0.000000000    0.000000000
     0.918533054    0.000000000   -0.159530153    0.000000000    0.000000000
     0.153966822    0.000000000   -0.023171799    0.000000000    0.000000000
    -0.003702053    0.052617929    0.000000000    0.000000000    0.000000000
     0.009036210    0.000000000    0.000000000    0.000000000    0.000000000
    -0.067892387    0.000000000    0.000000000   -0.291751105   -0.343450692
     0.072179560   -0.027257830   -0.043301857    0.407541621   -0.177453419
    -0.006170430    0.032791290    0.050165818    0.291751105    0.343450692
     0.072179560    0.027257830    0.043301857   -0.407541621    0.177453419
    -0.006170430   -0.032791290   -0.050165818
     0.000000000    0.000000000    0.000000000    0.000000000   -0.001839733
     0.000000000    0.000000000   -0.077945006    0.000000000    0.000000000
     0.002851158    0.000000000    0.000000000   -0.058397743    0.000000000
     0.000000000    0.000000000    0.019998605    0.000000000    0.000000000
     1.328225108    0.000000000    0.001239628    0.000000000    0.000000000
     0.321044781    0.000000000    0.032441007    0.000000000    0.000000000
    -1.943075021    0.000000000    0.010186223    0.000000000    0.000000000
    -0.239561442    0.127203496    0.000000000    0.000000000    0.000000000
    -0.002483792    0.000000000    0.000000000    0.000000000    0.000000000
    -0.138550243    0.000000000    0.000000000   -0.265687222    0.889472637
     0.114313590   -0.082402851   -0.075257344    0.437414129   -1.273576108
    -0.051392046    0.146306031    0.126868510    0.265687222   -0.889472637
     0.114313590    0.082402851    0.075257344   -0.437414129    1.273576108
    -0.051392046   -0.146306031   -0.126868510
     0.000000000    0.000000000    0.000000000    0.000000000    0.022441352
     0.000000000    0.000000000    0.796965259    0.000000000    0.000000000
    -0.201581643    0.000000000    0.000000000    0.831786539    0.000000000
     0.000000000    0.000000000    1.006607909    0.000000000    0.000000000
    -0.011301945    0.000000000    0.826847310    0.000000000    0.000000000
    -0.011860160    0.000000000   -0.432793874    0.000000000    0.000000000
    -0.016065229    0.000000000    0.329711378    0.000000000    0.000000000
     0.000117252   -0.000079672    0.000000000    0.000000000    0.000000000
    -0.089221125    0.000000000    0.000000000    0.000000000    0.000000000
     0.031262707    0.000000000    0.000000000    0.309092119   -0.953974954
    -0.014569760   -0.014725189    0.012086284    0.185608520   -0.603274395
     0.013663021    0.023954193    0.007368041   -0.309092119    0.953974954
    -0.014569760    0.014725189   -0.012086284   -0.185608520    0.603274396
     0.013663021   -0.023954193   -0.007368041
     0.000000000    0.000000000    0.000000000    0.000000000    0.038482367
     0.000000000    0.000000000    0.631251712    0.000000001    0.000000000
    -0.226683536    0.000000000    0.000000000    0.020153943    0.000000000
     0.000000000    0.000000000    1.308379323    0.000000000    0.000000000
     0.009889653    0.000000000    0.372190740    0.000000000    0.000000000
     0.009034101    0.000000000   -1.528732801    0.000000000    0.000000000
     0.009258019    0.000000000   -0.240857257    0.000000000    0.000000000
    -0.000385466    0.000217350    0.000000000    0.000000000    0.000000000
    -0.091653275    0.000000000    0.000000000    0.000000000   -0.000000001
     0.070892935    0.000000000    0.000000000    0.210021856   -0.586011692
    -0.172524302   -0.079418536   -0.030903603    0.134499740   -0.354499084
    -0.022028125    0.128424743   -0.018808249   -0.210021856    0.586011692
    -0.172524302    0.079418536    0.030903603   -0.134499740    0.354499084
    -0.022028125   -0.128424743    0.018808249
     0.178104798   -0.040649141   -0.153391101    0.101964567    0.000000000
    -0.026432028   -0.009613862    0.000000000   -0.825888555   -0.049117824
     0.000000000    0.215928460    0.022475862    0.000000000   -0.832940464
    -0.007488147   -0.002687408    0.000000000   -0.996196552    0.003170384
     0.000000000   -0.009290935    0.000000000   -0.821857791    0.002896115
     0.000000000   -0.036576583    0.000000000    0.437222878    0.002967898
     0.000000000    0.003885201    0.000000000   -0.330825627   -0.000123571
     0.000000000    0.000000000    0.000069677    0.018736754   -0.003091323
     0.000000000    0.089040023    0.008488890   -0.307237469    0.984302025
     0.000000000    0.024953876   -0.015396823   -0.089394938    0.275541868
     0.019771282   -0.023714332   -0.006253778    0.267717954   -0.863682716
    -0.020657260   -0.001905820    0.008827315   -0.089394938    0.275541868
    -0.019771282   -0.023714332   -0.006253778    0.267717954   -0.863682716
     0.020657260   -0.001905820    0.008827315
    -0.356094843    0.088999104    0.315278911    0.339144596    0.000000000
    -0.087141789   -0.002017046    0.000000000    0.002406377   -0.243004215
     0.000000000    0.338606807    0.031029424    0.000000000    0.327561050
    -0.045764636   -0.026758332    0.000000000   -1.483061806    0.007427085
     0.000000000   -0.018955169    0.000000000   -0.445472149    0.006784569
     0.000000000   -0.134403188    0.000000000    1.148543237    0.006952731
     0.000000000    0.001776097    0.000000000    0.300673746   -0.000289484
     0.000000000    0.000000000    0.000163229    0.006695961    0.131040605
     0.000000000    0.091052314   -0.007177773   -0.333375158   -0.077707715
     0.000000000    0.250720186    0.024741453   -0.125438898   -0.107750561
     0.092733392   -0.043336109    0.010287955    0.221870180   -0.138619025
    -0.158864888    0.144723945   -0.012425172   -0.125438898   -0.107750561
    -0.092733392   -0.043336109    0.010287955    0.221870180   -0.138619025
     0.158864888    0.144723945   -0.012425173
    -0.293361331    0.070999667    0.257154765    0.116333865    0.000000000
    -0.012105705    0.004716166    0.000000000    0.186302189   -0.097730370
     0.000000000    0.027222289    0.002750429    0.000000000    0.097757048
    -0.019463410   -0.012395347    0.000000000   -0.038150500   -1.377417082
     0.000000000   -0.004345382    0.000000000   -0.020153514   -0.933630394
     0.000000000   -0.048403923    0.000000000   -0.126331908   -0.047332904
     0.000000000   -0.001402827    0.000000000    0.007745276    0.032070646
     0.000000000    0.000000000   -0.060893386   -0.007743979    0.070460084
     0.000000000   -0.000357859   -0.008854523   -0.518068085   -0.159781162
     0.000000000    0.070207899   -0.067346286    0.356973759   -0.127768541
    -0.036027313   -0.055645080    0.055895419   -0.149553626    0.115967524
     0.056262846    0.037235137   -0.013787726    0.356973759   -0.127768541
     0.036027313   -0.055645080    0.055895419   -0.149553626    0.115967524
    -0.056262846    0.037235137   -0.013787726
    -0.094016149    0.022396851    0.082015520    0.012191070    0.000000000
     0.000129522    0.002492831    0.000000000    0.001339114   -0.015553872
     0.000000000    0.000060032   -0.002628838    0.000000000   -0.000156890
    -0.003431100   -0.002487709    0.000000000   -0.002008238    1.250576421
     0.000000000    0.000341643    0.000000000   -0.002016185    0.268530374
     0.000000000   -0.005922699    0.000000000   -0.001939107   -1.949994524
     0.000000000   -0.000890589    0.000000000   -0.001980171   -0.232658864
     0.000000000    0.000000000    0.123473959   -0.004522222    0.016811409
     0.000000000    0.000272637   -0.003290278    0.423156318   -1.391981698
     0.000000000   -0.149999703    0.128955977   -0.354442701    1.119971709
     0.087332084    0.112171312   -0.102586550    0.127287441   -0.431318193
    -0.132506743   -0.037217889    0.040812255   -0.354442701    1.119971709
    -0.087332084    0.112171312   -0.102586550    0.127287441   -0.431318193
     0.132506743   -0.037217889    0.040812255
    -0.681225391   -1.152053889    0.413231458   -0.740416121    0.000000000
     0.001167953    0.098024624    0.000000000    0.012075329    1.791389245
     0.000000000    0.000541332   -0.075307563    0.000000000   -0.001414738
     1.385618732    1.013377282    0.000000000   -0.018109088    0.019318240
     0.000000000    0.610113574    0.000000000   -0.018180752    0.017647022
     0.000000000    1.324937302    0.000000000   -0.017485711    0.018084419
     0.000000000   -0.650121119    0.000000000   -0.017855999   -0.000752961
     0.000000000    0.000000000    0.000424566   -0.207955701   -2.072002808
     0.000000000    0.002458475    0.030929132    0.194966709    1.001382029
     0.000000000   -0.152925093    0.104977997    0.186960349    0.985513614
    -0.144824663   -0.047264844    0.105395350    0.202256187    1.005985543
    -0.090624524    0.123308725    0.107821471    0.186960349    0.985513614
     0.144824662   -0.047264844    0.105395349    0.202256188    1.005985543
     0.090624524    0.123308725    0.107821471
     0.431068680    0.027418485   -0.378627001    0.352773269    0.000000000
     0.014148875   -0.493137146    0.000000000   -0.229941272   -1.372799420
     0.000000000   -0.033102399    1.557436383    0.000000000   -0.117509809
     0.417909415    0.383324054    0.000000000    0.053432709   -0.027124703
    -0.000000001    0.153265906    0.000000000    0.031722639   -0.022181034
     0.000000000   -0.219411254    0.000000000    0.159696955   -0.016117560
     0.000000000    0.347731720    0.000000000   -0.002109031    0.001603831
     0.000000001   -0.000000001   -0.000881416   -0.137474050    0.053971468
     0.000000001   -0.000565486    0.321460188    0.009017849    0.048369864
     0.000000000   -0.049855100    0.070378604    0.006243708   -0.078377910
    -0.038181622   -0.012721489    0.068025843   -0.037647092   -0.322687357
    -0.011329110    0.017653709    0.060557878    0.006243708   -0.078377912
     0.038181621   -0.012721489    0.068025843   -0.037647091   -0.322687356
     0.011329111    0.017653710    0.060557878
    -1.434046045    0.826693272    1.292862732   -0.136208305    0.000000000
     0.001532913   -0.015234759    0.000000000    0.015848601    0.100858570
     0.000000000    0.000710485    0.008216853    0.000000000   -0.001856812
    -0.180146875   -1.078024487    0.000000000   -0.023767775    0.025354760
     0.000000000   -0.263989666    0.000000000   -0.023861832    0.023161324
     0.000000000    1.207092662    0.000000000   -0.022949606    0.023735397
     0.000000000    0.362923407    0.000000000   -0.023435601   -0.000988245
     0.000000000    0.000000000    0.000557234    0.026231392   -0.348669113
     0.000000000    0.003226693   -0.157867280   -0.219995135    0.070834554
     0.000000000    0.019865233   -0.084146052   -0.230503304    0.050007611
     0.019701110    0.006127681   -0.083598286   -0.210427857    0.076876563
     0.010708657   -0.016609787   -0.080414055   -0.230503304    0.050007611
    -0.019701110    0.006127681   -0.083598286   -0.210427857    0.076876563
    -0.010708657   -0.016609787   -0.080414055
     0.000000000   -0.000000001    0.000000000    0.000000000   -0.140017059
     0.000000000    0.000000000    3.056848462    0.000000000    0.000000001
     0.305026807    0.000000000    0.000000000    1.686973842    0.000000000
     0.000000001    0.000000001   -1.053856556    0.000000000    0.000000000
    -0.098758160    0.000000000   -0.383881117    0.000000000    0.000000000
    -0.076718210    0.000000000   -1.484387675    0.000000000    0.000000000
    -0.044252722    0.000000000    0.190977228    0.000000000    0.000000000
     0.006689767   -0.003652976    0.000000000    0.000000000   -0.000000001
     0.028411257    0.000000000    0.000000000    0.000000000    0.000000000
    -0.031639820    0.000000000    0.000000000   -0.369390404   -2.555238050
     0.243711814    0.094561288   -0.045333363   -0.274774934   -1.612704612
     0.073231879   -0.152585968   -0.032956664    0.369390405    2.555238051
     0.243711814   -0.094561288    0.045333363    0.274774934    1.612704613
     0.073231879    0.152585968    0.032956664
    -0.726746723    0.199784765    0.649658506    1.138842154    0.000000000
    -0.158313390   -0.065771577    0.000000000    2.328849652   -0.889269416
     0.000000000    0.344666065    0.267007422    0.000000000    1.249737830
    -0.100871090   -0.043463928    0.000000000   -0.420941321    0.134139793
     0.000000000   -0.052190099    0.000000000   -0.191541276    0.095160255
     0.000000000   -0.453595392    0.000000000   -1.545927040    0.027811294
     0.000000000    0.043396796    0.000000000    0.162513244   -0.010989795
     0.000000000    0.000000000    0.005955091    0.031828050    0.373668371
     0.000000000   -0.013354048    0.021774983   -0.278053832   -2.526060878
     0.000000000    0.156315018   -0.026043420   -0.185912028   -1.065396345
     0.046501420    0.020072805   -0.004522771    0.156553740    1.348935814
    -0.091793986    0.115821517    0.055133561   -0.185912028   -1.065396345
    -0.046501420    0.020072806   -0.004522771    0.156553740    1.348935814
     0.091793985    0.115821517    0.055133561
    -0.023663298    0.005727020    0.020742781    0.009383796    0.000000000
    -0.000976478    0.000380418    0.000000000    0.015027625   -0.007883189
     0.000000000    0.002195822    0.000221857    0.000000000    0.007885341
    -0.001569970   -0.000999841    0.000000000   -0.003077320   -0.453761786
     0.000000000   -0.000350510    0.000000000   -0.001625636   -0.079038601
     0.000000000   -0.003904388    0.000000000   -0.010190264   -0.253441592
     0.000000000   -0.000113156    0.000000000    0.000624754    1.203287128
     0.000000000    0.000000000   -0.109274317   -0.000624650    0.005683496
     0.000000000   -0.000028866   -0.000714229   -0.339562499   -0.345938856
     0.000000000    0.204197427   -0.067290790    0.269698478    0.259137357
    -0.135704857   -0.115545275    0.054553218   -0.104080543   -0.093564014
     0.125141029    0.014793145   -0.020227470    0.269698478    0.259137357
     0.135704857   -0.115545275    0.054553218   -0.104080543   -0.093564014
    -0.125141029    0.014793145   -0.020227470
     0.000000000    0.000000000    0.000000000    0.000000000    0.000087328
     0.000000000    0.000000000   -0.033856624    0.000000000    0.000000000
    -0.000581584    0.000000000    0.000000000   -0.022739013    0.000000000
     0.000000000    0.000000000    0.010385434    0.000000000    0.000000000
    -0.464940624    0.000000000    0.002334877    0.000000000    0.000000000
    -0.089683978    0.000000000    0.014927785    0.000000000    0.000000000
    -0.264309597    0.000000000    0.002168265    0.000000000    0.000000000
     1.202387665   -0.109402696    0.000000000    0.000000000    0.000000000
    -0.000845549    0.000000000    0.000000000    0.000000000    0.000000000
     0.116352854    0.000000000    0.000000000    0.202522663    0.228118668
    -0.145362059    0.051085679    0.040452004   -0.321651046   -0.300498677
     0.084185393   -0.175975325   -0.063590787   -0.202522663   -0.228118668
    -0.145362059   -0.051085679   -0.040452004    0.321651046    0.300498677
     0.084185393    0.175975325    0.063590787
     0.000000000    0.000000000    0.000000000    0.000000000    0.000000000
     0.000000000    0.000000000    0.000000000    0.000000000    0.000000000
     0.000000000    0.000000000    0.000000000    0.000000000    0.000000000
     0.000000000    0.000000000    0.000000000    0.000000000    0.000000000
     0.215970324    0.000000000    0.000000000    0.000000000    0.000000000
    -0.011440191    0.000000000    0.000000000    0.000000000    0.000000000
     0.151921744    0.000000000    0.000000000    0.000000000    0.000000000
    -0.103100994    1.149874690    0.000000000    0.000000000    0.000000000
     0.000000000    0.000000000    0.000000000    0.000000000    0.000000000
     0.075753270    0.000000000    0.000000000   -0.139440708   -0.147797189
     0.057761808    0.083207529   -0.068320397    0.225619805    0.239140875
    -0.095638443    0.091809172    0.110544725    0.139440708    0.147797189
     0.057761808   -0.083207529    0.068320397   -0.225619805   -0.239140875
    -0.095638443   -0.091809172   -0.110544725
     0.000000000    0.000000000    0.000000000    0.000000000    0.000000000
     0.000000000    0.000000000    0.000000000    0.000000000    0.000000000
     0.000000000    0.000000000    0.000000000    0.000000000    0.000000000
     0.000000000    0.000000000    0.000000000    0.000000000    0.215970324
     0.000000000    0.000000000    0.000000000    0.000000000   -0.011440191
     0.000000000    0.000000000    0.000000000    0.000000000    0.151921744
     0.000000000    0.000000000    0.000000000    0.000000000   -0.103100994
     0.000000000    0.000000000    1.149874690    0.000000000    0.000000000
     0.000000000    0.000000000    0.000000000    0.237230702    0.251447597
     0.000000000   -0.137205355    0.116233603   -0.191923670   -0.203425379
     0.119328158   -0.008046027   -0.094034960    0.073308319    0.077701581
     0.033364767    0.076648704    0.035918159   -0.191923670   -0.203425379
    -0.119328158   -0.008046027   -0.094034960    0.073308319    0.077701581
    -0.033364767    0.076648704    0.035918159
     0.603331599   -0.572946089   -0.679343448   -1.091778022    0.000000000
     0.000000000    0.012580240    0.000000000    0.000000000   -0.425805310
     0.000000000    0.000000000    0.036637624    0.000000000    0.000000000
    -0.050397966   -0.085092961    0.000000000    0.000000000    0.000000000
     0.000000000   -0.214445916    0.000000000    0.000000000    0.000000000
     0.000000000   -0.222902588    0.000000000    0.000000000    0.000000000
     0.000000000    0.138941601    0.000000000    0.000000000    0.000000000
     0.000000000    0.000000000    0.000000000   -1.047435268    2.128162926
     0.000000000    0.000000000    0.443901174   -0.053716475    0.241746875
     0.000000000    0.024428527   -0.004549631   -0.053716475    0.241746874
     0.023232910    0.007548830   -0.004549631   -0.053716475    0.241746874
     0.014358728   -0.019763093   -0.004549631   -0.053716475    0.241746874
    -0.023232910    0.007548830   -0.004549631   -0.053716475    0.241746874
    -0.014358728   -0.019763093   -0.004549631
     0.278975329   -0.878042775   -0.395927881   -0.405690721    0.000000000
    -0.000000007   -0.102692532    0.000000000   -0.000000023   -1.611496509
     0.000000000   -0.000000001    0.035583469    0.000000000   -0.000000001
    -0.033620695   -0.649186652    0.000000000    0.000000109    0.000000000
     0.000000000    0.039123448    0.000000000    0.000000011    0.000000000
     0.000000000   -0.501579324    0.000000000    0.000000088    0.000000000
     0.000000000   -0.227014173    0.000000000    0.000000046    0.000000000
     0.000000000    0.000000000    0.000000000   -0.091671510    2.298828922
     0.000000000   -0.000000474   -1.272487680   -0.088140681   -0.036156524
     0.000000000    0.000837234   -0.017352185   -0.088140704   -0.036156549
     0.000796262    0.000258727   -0.017352182   -0.088140740   -0.036156591
     0.000492127   -0.000677349   -0.017352178   -0.088140704   -0.036156549
    -0.000796262    0.000258727   -0.017352182   -0.088140740   -0.036156591
    -0.000492127   -0.000677349   -0.017352178
     0.000000156   -0.000000588   -0.000000237   -0.000000214    0.000000000
     0.015678620   -0.000000030    0.000000000    0.053123447   -0.000000608
     0.000000000    0.001122772    0.000000016    0.000000000    0.003813577
    -0.000000013   -0.000000206    0.000000000   -0.245484491   -0.000000090
     0.000000000    0.000000016    0.000000000   -0.024637363    0.000000013
     0.000000000   -0.000000160    0.000000000   -0.200251493   -0.000000062
     0.000000000   -0.000000122    0.000000000   -0.102941896    0.000000025
     0.000000000    0.000000000   -0.000000038   -0.000000065    0.000000975
     0.000000000    1.068566385   -0.000000559   -0.073071053   -0.087559663
     0.000000000    0.022832373    0.008766975   -0.022580206   -0.027057229
     0.010600901   -0.009794035    0.002709336    0.059115675    0.070837193
    -0.017152699    0.010370201   -0.007092639   -0.022580206   -0.027057229
    -0.010600901   -0.009794035    0.002709336    0.059115675    0.070837193
     0.017152699    0.010370201   -0.007092639
     0.000000000    0.000000000    0.000000000    0.000000000    0.015678605
     0.000000000    0.000000000    0.053123753    0.000000000    0.000000000
     0.001122757    0.000000000    0.000000000    0.003813582    0.000000000
     0.000000000    0.000000000   -0.245484680    0.000000000    0.000000000
     0.000000336    0.000000000   -0.024637383    0.000000000    0.000000000
    -0.000000004    0.000000000   -0.200251649    0.000000000    0.000000000
     0.000000252    0.000000000   -0.102941853    0.000000000    0.000000000
    -0.000000084    0.000000027    0.000000000    0.000000000    0.000000000
     1.068566401    0.000000000    0.000000000    0.000000000    0.000000000
    -0.013239171    0.000000000    0.000000000   -0.069494827   -0.083274336
     0.019387948    0.010600955    0.008337882   -0.042950059   -0.051466028
    -0.000776261   -0.017152765    0.005153605    0.069494827    0.083274336
     0.019387948   -0.010600955   -0.008337882    0.042950059    0.051466028
    -0.000776261    0.017152765   -0.005153605
    -0.305474799    0.375384414    0.397640071    0.563247887    0.000000000
     0.005473194   -0.004156204    0.000000000    0.216814932   -0.072403285
     0.000000000   -0.010847858    0.003638334    0.000000000    0.014438086
    -0.005668152    0.034547682    0.000000000    0.026828031   -0.235113758
     0.000000000   -0.037410372    0.000000000   -0.105893004   -0.177184327
     0.000000000    0.004450049    0.000000000   -0.046215057   -0.291467184
     0.000000000   -0.047693351    0.000000000    0.003500683   -0.049728532
     0.000000000    0.000000000    0.041074987   -0.045980562   -0.165352775
     0.000000000   -0.004877826   -0.007347679    1.172548293   -2.250247306
     0.000000000   -0.246374371    0.080888057    0.076441625    0.379256945
    -0.015402841    0.006658366    0.002324333   -0.013199694   -0.266206155
    -0.000872128    0.007175797    0.004929057    0.076441625    0.379256945
     0.015402841    0.006658366    0.002324333   -0.013199694   -0.266206155
     0.000872128    0.007175797    0.004929057
     0.000000000    0.000000000    0.000000000    0.000000000    0.015994715
     0.000000000    0.000000000   -0.520892180    0.000000000    0.000000000
     0.021918509    0.000000000    0.000000000   -0.003938866    0.000000000
     0.000000000    0.000000000    0.207111255    0.000000000    0.000000000
    -0.266280756    0.000000000    0.014277298    0.000000000    0.000000000
    -0.015805532    0.000000000    0.167377978    0.000000000    0.000000000
    -0.209437658    0.000000000    0.011652560    0.000000000    0.000000000
     0.109942917    0.076238113    0.000000000    0.000000000    0.000000000
    -0.014943801    0.000000000    0.000000000    0.000000000    0.000000000
     1.103146585    0.000000000    0.000000000    0.187926052    0.197798346
    -0.033661906   -0.012091323    0.019902839    0.013331484   -0.036838223
     0.003941876    0.008800118   -0.014531059   -0.187926052   -0.197798346
    -0.033661906    0.012091323   -0.019902839   -0.013331484    0.036838223
     0.003941876   -0.008800118    0.014531059
    -0.158807165    0.999668644    0.301006051    0.156424505    0.000000000
     0.131146397   -0.056892998    0.000000000    1.351007176   -0.621365204
     0.000000000   -0.009346627    0.004087860    0.000000000    0.007942488
    -0.000827739   -0.134480208    0.000000000   -0.452816135   -0.393351548
     0.000000000    0.024900733    0.000000000    0.070963094    0.087700521
     0.000000000   -0.093412867    0.000000000   -0.314417066   -0.255261474
     0.000000000    0.142307698    0.000000000    0.001332676    0.201142352
     0.000000000    0.000000000   -0.154040302    0.021058217    0.105753406
     0.000000000    0.022622366    0.006637412   -0.138741848   -1.994714473
     0.000000000    1.306271011   -0.336062973   -0.119850423    0.125865463
     0.012887205   -0.035459684    0.014444177    0.044689760    0.068607788
     0.000535544   -0.002005727   -0.019895573   -0.119850423    0.125865463
    -0.012887205   -0.035459684    0.014444177    0.044689760    0.068607788
    -0.000535544   -0.002005727   -0.019895573
    -0.040509123    0.231197929    0.073464834    0.044412099    0.000000000
     0.022570247   -0.024796360    0.000000000    0.155083203   -0.090149313
     0.000000000    0.002854841   -0.002222911    0.000000000   -0.003816214
    -0.004253970   -0.203627888    0.000000000    0.097777971   -0.194892905
     0.000000000   -0.004404942    0.000000000    0.031417917    0.015980012
     0.000000000   -0.157101818    0.000000000    0.090166473   -0.139199083
     0.000000000    0.012034643    0.000000000   -0.112827859    0.018334974
     0.000000000    0.000000000   -0.084925481    0.067723147    0.094389892
     0.000000000   -0.015121595   -0.017457656   -0.031969935   -0.367918914
     0.000000000   -0.173384284   -1.084320496    0.012113222    0.060379689
    -0.013174118   -0.016774564   -0.013809672   -0.065068095   -0.100775879
     0.022273861   -0.004570707   -0.013147156    0.012113222    0.060379689
     0.013174118   -0.016774564   -0.013809672   -0.065068095   -0.100775879
    -0.022273861   -0.004570707   -0.013147156
    -0.305480592    0.375382966    0.397647517    0.563259651    0.005188584
     0.001690683   -0.004155634    0.206194883    0.067015997   -0.072402076
    -0.010304896   -0.003347277    0.003638540    0.013644928    0.004435156
    -0.005668027    0.034549751    0.025513116    0.008274601    0.190214203
     0.138192234   -0.037412355   -0.100702091   -0.032705895    0.143352134
     0.104143195    0.004450939   -0.043900591   -0.014271201    0.235808099
     0.171314948   -0.047695139    0.003312147    0.001075985    0.040233219
     0.029228817   -0.024142544   -0.033231968   -0.045980973   -0.165356839
    -0.004638062   -0.001506666   -0.007347904    0.076409943    0.379297157
     0.011092195   -0.012581063    0.002320642    1.172524320   -2.250177134
    -0.234319975   -0.076135871    0.080886661    0.076455521    0.379270903
     0.001565951    0.016715496    0.002326554   -0.013156801   -0.266320926
     0.007095275    0.001387008    0.004932103   -0.013163861   -0.266250079
     0.006558311    0.003050856    0.004932529
     0.000000019   -0.000000108   -0.000000034   -0.000000021   -0.004942634
     0.015211873    0.000000012    0.160964328   -0.495397749    0.000000042
    -0.006773184    0.020845736    0.000000001    0.001217176   -0.003746087
     0.000000002    0.000000095   -0.064000885    0.196974641    0.156515890
    -0.215425877    0.000000002   -0.004411933    0.013578540    0.009290254
    -0.012786937    0.000000073   -0.051722632    0.159186028    0.123104356
    -0.169438788   -0.000000006   -0.003600835    0.011082259   -0.064622811
     0.088945734    0.061677891   -0.044811615   -0.000000032   -0.000000044
     0.004618090   -0.014213030    0.000000008    0.187926078    0.197798394
    -0.001097205   -0.035750812    0.019902835    0.000000087    0.000000181
    -0.340891024    1.049154770    0.000000264   -0.187926084   -0.197798448
     0.021901781   -0.028277870   -0.019902831    0.013331445   -0.036838344
     0.007151246    0.006468057   -0.014531310   -0.013331462    0.036838426
    -0.009587427    0.001029399    0.014531572
    -0.158810779    0.999669515    0.301011514    0.156431298    0.124726946
     0.040525745   -0.056892708    1.284880426    0.417477910   -0.621368212
    -0.008889274   -0.002888269    0.004088104    0.007553596    0.002454287
    -0.000827482   -0.134479242   -0.430651433   -0.139925585    0.318229611
     0.231205408    0.024899066    0.067488182    0.021927953   -0.070955258
    -0.051551597   -0.093412547   -0.299027257   -0.097158792    0.206510171
     0.150037156    0.142307568    0.001267474    0.000411914   -0.162728864
    -0.118228500    0.090542632    0.124622294    0.021058633    0.105751974
     0.021515071    0.006990668    0.006637329   -0.119839308    0.125859543
    -0.037706377    0.001294066    0.014446508   -0.138741164   -1.994709365
     1.242337334    0.403660052   -0.336063015   -0.119839877    0.125850197
    -0.029741246   -0.023214702    0.014444147    0.044690102    0.068602415
    -0.002076800   -0.000109037   -0.019896623    0.044689475    0.068605384
    -0.001743402   -0.001131121   -0.019896048
    -0.040508871    0.231196330    0.073464355    0.044411854    0.021465505
     0.006974567   -0.024796276    0.147492141    0.047922718   -0.090148288
     0.002715119    0.000882208   -0.002222920   -0.003629437   -0.001179276
    -0.004253971   -0.203627777    0.092992570    0.030215160    0.157672214
     0.114555454   -0.004404988    0.029880167    0.009708645   -0.012928208
    -0.009392884   -0.157101750    0.085753537    0.027863042    0.112614782
     0.081819346    0.012034403   -0.107305627   -0.034865669   -0.014833543
    -0.010777189    0.049918052    0.068706373    0.067723151    0.094389765
    -0.014381497   -0.004672663   -0.017457678    0.012113366    0.060381519
    -0.011882526   -0.017714052   -0.013809031   -0.031969745   -0.367919183
    -0.164898331   -0.053578434   -1.084320527    0.012113228    0.060381221
    -0.020025150    0.007346743   -0.013809646   -0.065068036   -0.100776205
    -0.011229843    0.019771531   -0.013147593   -0.065068075   -0.100776123
     0.002535933   -0.022596015   -0.013147434
    -0.305483940    0.375372144    0.397653068    0.563267163    0.003211061
    -0.004416969   -0.004154448    0.127432324   -0.175397222   -0.072403787
    -0.006366934    0.008764454    0.003639059    0.008435090   -0.011608620
    -0.005667303    0.034552283    0.015754472   -0.021692450   -0.072653056
    -0.223609589   -0.037416181   -0.062215910    0.085645908   -0.054770164
    -0.168529293    0.004452076   -0.027135219    0.037346426   -0.090075076
    -0.277212220   -0.047695865    0.002046642   -0.002817189   -0.015369122
    -0.047297246    0.039066772    0.012694641   -0.045979273   -0.165358612
    -0.002866378    0.003945288   -0.007348092   -0.013110603   -0.266332124
     0.003511779   -0.006325581    0.004934149    0.076389911    0.379337027
    -0.008542474   -0.014438234    0.002321479    1.172527389   -2.250201275
    -0.144817935    0.199324540    0.080886590   -0.013126294   -0.266310236
     0.004929205   -0.005294365    0.004933565    0.076427543    0.379308594
     0.016374491    0.003667227    0.002323406
     0.000000012   -0.000000067   -0.000000021   -0.000000013    0.012939979
     0.009401447    0.000000007   -0.421410348   -0.306172408    0.000000026
     0.017732433    0.012883363    0.000000001   -0.003186609   -0.002315208
     0.000000001    0.000000059    0.167556527    0.121736927   -0.253248391
     0.082285598    0.000000001    0.011550581    0.008391993   -0.015031945
     0.004884170    0.000000045    0.135411631    0.098382300   -0.199187305
     0.064720033   -0.000000003    0.009427164    0.006849207    0.104562002
    -0.033974300   -0.023558825    0.072506701   -0.000000020   -0.000000027
    -0.012090315   -0.008784129    0.000000005    0.013331356   -0.036838548
     0.008361055   -0.004802519   -0.014531572    0.187926015    0.197798396
    -0.034340004   -0.010004267    0.019902988    0.000000070    0.000000222
     0.892464383    0.648413267    0.000000415   -0.013331338    0.036838650
    -0.001983719    0.009436082    0.014531736   -0.187926063   -0.197798590
    -0.020126020   -0.029567952   -0.019903239
    -0.158813240    0.999667265    0.301015051    0.156436344    0.077084735
    -0.106098702   -0.056892324    0.794091982   -1.092977857   -0.621368725
    -0.005493820    0.007561512    0.004088284    0.004668333   -0.006425548
    -0.000827278   -0.134478335   -0.266154611    0.366332628   -0.121554480
    -0.374101880    0.024897627    0.041709581   -0.057409829    0.027106589
     0.083413056   -0.093412224   -0.184807195    0.254366443   -0.078879191
    -0.242767600    0.142307008    0.000783334   -0.001078148    0.062158306
     0.191299609   -0.146502494   -0.047602566    0.021059005    0.105750612
     0.013296915   -0.018301713    0.006637213    0.044689809    0.068599912
    -0.000745314    0.001945423   -0.019897588   -0.119830607    0.125853993
    -0.010425075    0.036259416    0.014446775   -0.138739760   -1.994708811
     0.767806763   -1.056795106   -0.336063172    0.044697858    0.068590818
    -0.001616245    0.001308897   -0.019896346   -0.119839206    0.125857589
    -0.031266472    0.021115261    0.014445255
    -0.040508874    0.231196344    0.073464359    0.044411856    0.013266420
    -0.018259636   -0.024796277    0.091154506   -0.125464215   -0.090148293
     0.001678058   -0.002309616   -0.002222920   -0.002243115    0.003087381
    -0.004253971   -0.203627789    0.057472606   -0.079104145   -0.060225540
    -0.185354913   -0.004404989    0.018466939   -0.025417568    0.004938146
     0.015198021   -0.157101759    0.052998622   -0.072946260   -0.043015100
    -0.132386698    0.012034404   -0.066318476    0.091279550    0.005665920
     0.017437906   -0.080769189   -0.026243549    0.067723155    0.094389771
    -0.008887765    0.012233623   -0.017457679   -0.065068047   -0.100776329
     0.015333900    0.016789881   -0.013148032    0.012113437    0.060381691
    -0.020518943    0.005827024   -0.013808754   -0.031969767   -0.367919282
    -0.101912368    0.140271062   -1.084320526   -0.065068136   -0.100776272
    -0.020706448   -0.009394547   -0.013147778    0.012113242    0.060381394
     0.000799219    0.021315118   -0.013809209
    -0.305480592    0.375382966    0.397647517    0.563259651   -0.005188584
     0.001690683   -0.004155634   -0.206194883    0.067015997   -0.072402076
     0.010304896   -0.003347277    0.003638540   -0.013644928    0.004435156
    -0.005668027    0.034549751   -0.025513116    0.008274601    0.190214203
    -0.138192234   -0.037412355    0.100702091   -0.032705895    0.143352134
    -0.104143195    0.004450939    0.043900591   -0.014271201    0.235808099
    -0.171314948   -0.047695139   -0.003312147    0.001075985    0.040233219
    -0.029228817    0.024142544   -0.033231968   -0.045980973   -0.165356839
     0.004638062   -0.001506666   -0.007347904    0.076409943    0.379297157
    -0.011092195   -0.012581063    0.002320642   -0.013156801   -0.266320926
    -0.007095275    0.001387008    0.004932103   -0.013163861   -0.266250079
    -0.006558311    0.003050856    0.004932529    1.172524320   -2.250177134
     0.234319975   -0.076135871    0.080886661    0.076455521    0.379270903
    -0.001565951    0.016715496    0.002326554
     0.000000019   -0.000000108   -0.000000034   -0.000000021    0.004942634
     0.015211873    0.000000012   -0.160964328   -0.495397749    0.000000042
     0.006773184    0.020845736    0.000000001   -0.001217176   -0.003746087
     0.000000002    0.000000095    0.064000885    0.196974641    0.156515890
     0.215425877    0.000000002    0.004411933    0.013578540    0.009290254
     0.012786937    0.000000073    0.051722632    0.159186028    0.123104356
     0.169438788   -0.000000006    0.003600835    0.011082259   -0.064622811
    -0.088945734   -0.061677891   -0.044811615   -0.000000032   -0.000000044
    -0.004618090   -0.014213030    0.000000008    0.187926078    0.197798394
     0.001097205   -0.035750812    0.019902835    0.013331445   -0.036838344
    -0.007151246    0.006468057   -0.014531310   -0.013331462    0.036838426
     0.009587427    0.001029399    0.014531572    0.000000087    0.000000181
     0.340891024    1.049154770    0.000000264   -0.187926084   -0.197798448
    -0.021901781   -0.028277870   -0.019902831
    -0.158810779    0.999669515    0.301011514    0.156431298   -0.124726946
     0.040525745   -0.056892708   -1.284880426    0.417477910   -0.621368212
     0.008889274   -0.002888269    0.004088104   -0.007553596    0.002454287
    -0.000827482   -0.134479242    0.430651433   -0.139925585    0.318229611
    -0.231205408    0.024899066   -0.067488182    0.021927953   -0.070955258
     0.051551597   -0.093412547    0.299027257   -0.097158792    0.206510171
    -0.150037156    0.142307568   -0.001267474    0.000411914   -0.162728864
     0.118228500   -0.090542632    0.124622294    0.021058633    0.105751974
    -0.021515071    0.006990668    0.006637329   -0.119839308    0.125859543
     0.037706377    0.001294066    0.014446508    0.044690102    0.068602415
     0.002076800   -0.000109037   -0.019896623    0.044689475    0.068605384
     0.001743402   -0.001131121   -0.019896048   -0.138741164   -1.994709365
    -1.242337334    0.403660052   -0.336063015   -0.119839877    0.125850197
     0.029741246   -0.023214702    0.014444147
    -0.040508871    0.231196330    0.073464355    0.044411854   -0.021465505
     0.006974567   -0.024796276   -0.147492141    0.047922718   -0.090148288
    -0.002715119    0.000882208   -0.002222920    0.003629437   -0.001179276
    -0.004253971   -0.203627777   -0.092992570    0.030215160    0.157672214
    -0.114555454   -0.004404988   -0.029880167    0.009708645   -0.012928208
     0.009392884   -0.157101750   -0.085753537    0.027863042    0.112614782
    -0.081819346    0.012034403    0.107305627   -0.034865669   -0.014833543
     0.010777189   -0.049918052    0.068706373    0.067723151    0.094389765
     0.014381497   -0.004672663   -0.017457678    0.012113366    0.060381519
     0.011882526   -0.017714052   -0.013809031   -0.065068036   -0.100776205
     0.011229843    0.019771531   -0.013147593   -0.065068075   -0.100776123
    -0.002535933   -0.022596015   -0.013147434   -0.031969745   -0.367919183
     0.164898331   -0.053578434   -1.084320527    0.012113228    0.060381221
     0.020025150    0.007346743   -0.013809646
    -0.305483940    0.375372144    0.397653068    0.563267163   -0.003211061
    -0.004416969   -0.004154448   -0.127432324   -0.175397222   -0.072403787
     0.006366934    0.008764454    0.003639059   -0.008435090   -0.011608620
    -0.005667303    0.034552283   -0.015754472   -0.021692450   -0.072653056
     0.223609589   -0.037416181    0.062215910    0.085645908   -0.054770164
     0.168529293    0.004452076    0.027135219    0.037346426   -0.090075076
     0.277212220   -0.047695865   -0.002046642   -0.002817189   -0.015369122
     0.047297246   -0.039066772    0.012694641   -0.045979273   -0.165358612
     0.002866378    0.003945288   -0.007348092   -0.013110603   -0.266332124
    -0.003511779   -0.006325581    0.004934149   -0.013126294   -0.266310236
    -0.004929205   -0.005294365    0.004933565    0.076427543    0.379308594
    -0.016374491    0.003667227    0.002323406    0.076389911    0.379337027
     0.008542474   -0.014438234    0.002321479    1.172527389   -2.250201275
     0.144817935    0.199324540    0.080886590
    -0.000000012    0.000000067    0.000000021    0.000000013    0.012939979
    -0.009401447   -0.000000007   -0.421410348    0.306172408   -0.000000026
     0.017732433   -0.012883363   -0.000000001   -0.003186609    0.002315208
    -0.000000001   -0.000000059    0.167556527   -0.121736927    0.253248391
     0.082285598   -0.000000001    0.011550581   -0.008391993    0.015031945
     0.004884170   -0.000000045    0.135411631   -0.098382300    0.199187305
     0.064720033    0.000000003    0.009427164   -0.006849207   -0.104562002
    -0.033974300   -0.023558825   -0.072506701    0.000000020    0.000000027
    -0.012090315    0.008784129   -0.000000005   -0.013331356    0.036838548
     0.008361055    0.004802519    0.014531572    0.013331338   -0.036838650
    -0.001983719   -0.009436082   -0.014531736    0.187926063    0.197798590
    -0.020126020    0.029567952    0.019903239   -0.187926015   -0.197798396
    -0.034340004    0.010004267   -0.019902988   -0.000000070   -0.000000222
     0.892464383   -0.648413267   -0.000000415
    -0.158813240    0.999667265    0.301015051    0.156436344   -0.077084735
    -0.106098702   -0.056892324   -0.794091982   -1.092977857   -0.621368725
     0.005493820    0.007561512    0.004088284   -0.004668333   -0.006425548
    -0.000827278   -0.134478335    0.266154611    0.366332628   -0.121554480
     0.374101880    0.024897627   -0.041709581   -0.057409829    0.027106589
    -0.083413056   -0.093412224    0.184807195    0.254366443   -0.078879191
     0.242767600    0.142307008   -0.000783334   -0.001078148    0.062158306
    -0.191299609    0.146502494   -0.047602566    0.021059005    0.105750612
    -0.013296915   -0.018301713    0.006637213    0.044689809    0.068599912
     0.000745314    0.001945423   -0.019897588    0.044697858    0.068590818
     0.001616245    0.001308897   -0.019896346   -0.119839206    0.125857589
     0.031266472    0.021115261    0.014445255   -0.119830607    0.125853993
     0.010425075    0.036259416    0.014446775   -0.138739760   -1.994708811
    -0.767806763   -1.056795106   -0.336063172
    -0.040508874    0.231196344    0.073464359    0.044411856   -0.013266420
    -0.018259636   -0.024796277   -0.091154506   -0.125464215   -0.090148293
    -0.001678058   -0.002309616   -0.002222920    0.002243115    0.003087381
    -0.004253971   -0.203627789   -0.057472606   -0.079104145   -0.060225540
     0.185354913   -0.004404989   -0.018466939   -0.025417568    0.004938146
    -0.015198021   -0.157101759   -0.052998622   -0.072946260   -0.043015100
     0.132386698    0.012034404    0.066318476    0.091279550    0.005665920
    -0.017437906    0.080769189   -0.026243549    0.067723155    0.094389771
     0.008887765    0.012233623   -0.017457679   -0.065068047   -0.100776329
    -0.015333900    0.016789881   -0.013148032   -0.065068136   -0.100776272
     0.020706448   -0.009394547   -0.013147778    0.012113242    0.060381394
    -0.000799219    0.021315118   -0.013809209    0.012113437    0.060381692
     0.020518943    0.005827024   -0.013808754   -0.031969767   -0.367919282
     0.101912368    0.140271062   -1.084320526
     2.000000000    2.000000000    2.000000000    2.000000000    2.000000000
     2.000000000    2.000000000    2.000000000    2.000000000    2.000000000
     0.000000000    0.000000000    0.000000000    0.000000000    0.000000000
     0.000000000    0.000000000    0.000000000    0.000000000    0.000000000
     0.000000000    0.000000000    0.000000000    0.000000000    0.000000000
     0.000000000    0.000000000    0.000000000    0.000000000    0.000000000
     0.000000000    0.000000000    0.000000000    0.000000000    0.000000000
     0.000000000    0.000000000    0.000000000    0.000000000    0.000000000
     0.000000000    0.000000000    0.000000000    0.000000000    0.000000000
     0.000000000    0.000000000    0.000000000    0.000000000    0.000000000
     0.000000000    0.000000000    0.000000000    0.000000000    0.000000000
     0.000000000    0.000000000    0.000000000    0.000000000    0.000000000
     0.000000000    0.000000000    0.000000000    0.000000000    0.000000000
     0.000000000    0.000000000    0.000000000
   1  1  1  1  1  1  1  1  1  1  1  1  1  1  1  1  1  1  1  1
   1  1  1  1  1  1  1  1  1  1  1  1  1  1  1  1  1  1  1  1
   1  1  1  1  1  1  1  1  1  1  1  1  1  1  1  1  1  1  1  1
   1  1  1  1  1  1  1  1
   1  1  1  1  2  2  2  2  2  2 22 22 22 22 22 22 21 21 21 21
  21 21 21 21 21 21 21 21 21 21 21 21 21 21 21 21 21 21 21 21
  21 21 21 21 21 21 21 21 21 21 21 21 21 21 21 21 21 21 21 21
  21 21 21 21 21 21 21 21
 CR CR CR CR BD BD BD BD BD BD BD BD BD BD BD BD RY RY RY RY 
 RY RY RY RY RY RY RY RY RY RY RY RY RY RY RY RY RY RY RY RY 
 RY RY RY RY RY RY RY RY RY RY RY RY RY RY RY RY RY RY RY RY 
 RY RY RY RY RY RY RY RY 
                               *  *  *  *  *  *              
                                                             
                                                             
                         
   1  2  3  4  1  1  1  1  1  1  1  1  1  1  1  1  1  2  3  4
   5  6  7  8  9 10 11 12 13 14 15 16 17 18 19 20 21 22 23 24
  25 26 27 28  1  2  3  4  1  2  3  4  1  2  3  4  1  2  3  4
   1  2  3  4  1  2  3  4
   1  1  1  1  1  1  1  1  1  1  1  1  1  1  1  1  1  1  1  1
   1  1  1  1  1  1  1  1  1  1  1  1  1  1  1  1  1  1  1  1
   1  1  1  1  2  2  2  2  3  3  3  3  4  4  4  4  5  5  5  5
   6  6  6  6  7  7  7  7
   0  0  0  0  2  3  4  5  6  7  2  3  4  5  6  7  0  0  0  0
   0  0  0  0  0  0  0  0  0  0  0  0  0  0  0  0  0  0  0  0
   0  0  0  0  0  0  0  0  0  0  0  0  0  0  0  0  0  0  0  0
   0  0  0  0  0  0  0  0
   0  0  0  0  0  0  0  0  0  0  0  0  0  0  0  0  0  0  0  0
   0  0  0  0  0  0  0  0  0  0  0  0  0  0  0  0  0  0  0  0
   0  0  0  0  0  0  0  0  0  0  0  0  0  0  0  0  0  0  0  0
   0  0  0  0  0  0  0  0
   0  0  0  0  0  0  0  0  0  0  0  0  0  0  0  0  0  0  0  0
   0  0  0  0  0  0  0  0  0  0  0  0  0  0  0  0  0  0  0  0
   0  0  0  0  0  0  0  0  0  0  0  0  0  0  0  0  0  0  0  0
   0  0  0  0  0  0  0  0
   0  0  0  0  0  0  0  0  0  0  0  0  0  0  0  0  0  0  0  0
   0  0  0  0  0  0  0  0  0  0  0  0  0  0  0  0  0  0  0  0
   0  0  0  0  0  0  0  0  0  0  0  0  0  0  0  0  0  0  0  0
   0  0  0  0  0  0  0  0
   0  0  0  0  0  0  0  0  0  0  0  0  0  0  0  0  0  0  0  0
   0  0  0  0  0  0  0  0  0  0  0  0  0  0  0  0  0  0  0  0
   0  0  0  0  0  0  0  0  0  0  0  0  0  0  0  0  0  0  0  0
   0  0  0  0  0  0  0  0
   0  0  0  0  0  0  0  0  0  0  0  0  0  0  0  0  0  0  0  0
   0  0  0  0  0  0  0  0  0  0  0  0  0  0  0  0  0  0  0  0
   0  0  0  0  0  0  0  0  0  0  0  0  0  0  0  0  0  0  0  0
   0  0  0  0  0  0  0  0
   0  0  0  0  0  0  0  0  0  0  0  0  0  0  0  0  0  0  0  0
   0  0  0  0  0  0  0  0  0  0  0  0  0  0  0  0  0  0  0  0
   0  0  0  0  0  0  0  0  0  0  0  0  0  0  0  0  0  0  0  0
   0  0  0  0  0  0  0  0
   0  0  0  0  0  0  0  0  0  0  0  0  0  0  0  0  0  0  0  0
   0  0  0  0  0  0  0  0  0  0  0  0  0  0  0  0  0  0  0  0
   0  0  0  0  0  0  0  0  0  0  0  0  0  0  0  0  0  0  0  0
   0  0  0  0  0  0  0  0
  74  1  1  1  1  1  1
