 WH6...b3lyp/vdz
 PRNBOs in the AO basis:
 -------------------------------------------------------------------------------
     0.361795122   -0.009738383    0.660975890    0.000942594    0.000000000
     0.000002161   -0.000782652    0.000000000    0.000000075    0.000719988
     0.000000000    0.000000580    0.000492773    0.000000000   -0.000000013
     0.001485197   -0.002436678    0.000000000    0.000000011    0.000000000
     0.000000000   -0.004491198    0.000000000   -0.000000010    0.000000000
     0.000000000    0.001786966    0.000000000   -0.000000002    0.000000000
     0.000000000   -0.001336318    0.000000000    0.000000006    0.000000000
     0.000000000    0.000000000    0.000000000   -0.002052275   -0.000013454
     0.000000000    0.000000002   -0.000645539    0.000308093    0.000036474
     0.000000000   -0.001233099    0.000686433    0.000308077    0.000036484
    -0.001172741   -0.000381045    0.000686429    0.000308050    0.000036499
    -0.000724786    0.000997584    0.000686423    0.000308077    0.000036484
     0.001172741   -0.000381045    0.000686429    0.000308050    0.000036499
     0.000724786    0.000997584    0.000686423
     0.000000000    0.000000000    0.000000000    0.000000000    0.881060933
     0.000000000    0.000000000    0.030675908    0.000000000    0.000000000
     0.236350632    0.000000000    0.000000000   -0.005258810    0.000000000
     0.000000000    0.000000000    0.004451794    0.000000000    0.000000000
    -0.000000458    0.000000000   -0.004011736    0.000000000    0.000000000
     0.000000301    0.000000000   -0.000879471    0.000000000    0.000000000
    -0.000000193    0.000000000    0.002516710    0.000000000    0.000000000
     0.000000028   -0.000000019    0.000000000    0.000000000    0.000000000
     0.000782789    0.000000000    0.000000000    0.000000000    0.000000000
     0.000790063    0.000000000    0.000000000    0.009077367   -0.005344929
    -0.003655400   -0.001444426    0.002014764    0.005610348   -0.003303085
    -0.000907955    0.002337134    0.001245201   -0.009077367    0.005344929
    -0.003655400    0.001444426   -0.002014764   -0.005610348    0.003303085
    -0.000907955   -0.002337134   -0.001245201
     0.000001196   -0.000005631   -0.000001773   -0.000001126    0.000000000
     0.881060974    0.000013137    0.000000000    0.030675744    0.000000957
     0.000000000    0.236350672    0.000003447    0.000000000   -0.005258836
     0.000000014    0.000001648    0.000000000    0.004452507    0.000006493
     0.000000000   -0.000001297    0.000000000   -0.004012318   -0.000004261
     0.000000000    0.000000775    0.000000000   -0.000879173    0.000002731
     0.000000000   -0.000000161    0.000000000    0.002516719   -0.000000394
     0.000000000    0.000000000    0.000000266    0.000000018    0.000000158
     0.000000000    0.000782791   -0.000000037    0.009539212   -0.005625681
     0.000000000   -0.004124350    0.002118275    0.002948842   -0.001736867
    -0.001444302    0.000320714    0.000654640   -0.007724512    0.004543926
     0.002337320   -0.002426838   -0.001713950    0.002948842   -0.001736867
     0.001444302    0.000320714    0.000654640   -0.007724512    0.004543926
    -0.002337320   -0.002426838   -0.001713950
     0.000533197    0.002492680   -0.000421252   -0.002283141    0.000000000
    -0.000013266    0.881917569    0.000000000   -0.000000462    0.029624251
     0.000000000   -0.000003559    0.235638666    0.000000000    0.000000079
    -0.005300123   -0.000009375    0.000000000   -0.000000067    0.000000000
     0.000000000    0.002913076    0.000000000    0.000000060    0.000000000
     0.000000000   -0.000139684    0.000000000    0.000000013    0.000000000
     0.000000000    0.003266089    0.000000000   -0.000000038    0.000000000
     0.000000000    0.000000000    0.000000000    0.006932029   -0.004986359
     0.000000000   -0.000000012   -0.005282070   -0.003560796    0.002944639
     0.000000000    0.001935922   -0.000221023   -0.003560696    0.002944580
     0.001841134    0.000598209   -0.000221001   -0.003560536    0.002944486
     0.001137835   -0.001566107   -0.000220965   -0.003560696    0.002944580
    -0.001841134    0.000598209   -0.000221001   -0.003560536    0.002944486
    -0.001137835   -0.001566107   -0.000220965
    -0.109912172    0.280371503    0.005690104    0.080752549    0.000000000
     0.000000008   -0.019697983    0.000000000    0.000000001    0.074900244
     0.000000000    0.000000002   -0.012865613    0.000000000    0.000000000
     0.000279510    0.308127822    0.000000000   -0.000000001   -0.000000030
     0.000000000   -0.240243802    0.000000000    0.000000001    0.000000020
     0.000000000    0.118676682    0.000000000    0.000000000   -0.000000013
     0.000000000    0.025023403    0.000000000    0.000000000    0.000000002
     0.000000000    0.000000000   -0.000000001    0.426128819    0.410385776
     0.000000000    0.000000000   -0.033665847    0.006813280   -0.011481282
     0.000000000   -0.000941952    0.000651924    0.006813259   -0.011481306
    -0.000895848   -0.000291079    0.000651924    0.006813271   -0.011481292
    -0.000553665    0.000762054    0.000651924    0.006813259   -0.011481306
     0.000895848   -0.000291079    0.000651924    0.006813271   -0.011481292
     0.000553665    0.000762054    0.000651924
    -0.078269386    0.214656689    0.005497594    0.041064966    0.000000000
    -0.011805400    0.005447103    0.000000000    0.047479406   -0.019347992
     0.000000000   -0.011573021    0.003765940    0.000000000    0.007600185
    -0.003687570   -0.062070659    0.000000002   -0.206284977   -0.303676797
     0.000000000    0.051078254   -0.000000002    0.168331168    0.199312131
     0.000000000   -0.029505462    0.000000001   -0.086313298   -0.127716561
     0.000000000    0.008043353    0.000000000   -0.002696336    0.018451455
     0.000000000    0.000000000   -0.012418328    0.003321110   -0.008930962
     0.000000000   -0.000711235   -0.001548568    0.356474229    0.415855684
     0.000000000   -0.023020983    0.011090384    0.043846340    0.042074017
    -0.006268831    0.005076692    0.000176690    0.001552059   -0.027694075
    -0.001562154   -0.000570733    0.000292066    0.043846343    0.042074021
     0.006268832    0.005076692    0.000176690    0.001552061   -0.027694072
     0.001562154   -0.000570733    0.000292066
    -0.078269166    0.214656087    0.005497578    0.041064853   -0.011240024
    -0.003653242    0.005447085    0.045155029    0.014671666   -0.019347931
    -0.011009905   -0.003577631    0.003765928    0.007228258    0.002348602
    -0.003687559   -0.062070457   -0.196188145   -0.063745169    0.245680805
     0.178497687    0.051078089    0.160092029    0.052016872   -0.161247633
    -0.117153351   -0.029505368   -0.082088565   -0.026672095    0.103325338
     0.075070309    0.008043332   -0.002564396   -0.000833223   -0.014927609
    -0.010845551    0.007299349    0.010046684    0.003321131   -0.008930907
    -0.000676434   -0.000219787   -0.001548566    0.043845294    0.042072910
     0.006765387   -0.004393142    0.000176645    0.356473864    0.415855494
    -0.021894174   -0.007113853    0.011090351    0.043845575    0.042073233
     0.002891068    0.007530739    0.000176657    0.001552361   -0.027693840
    -0.000060026   -0.001662119    0.000292098    0.001552642   -0.027693517
    -0.001025509    0.001309413    0.000292109
    -0.078269335    0.214656549    0.005497590    0.041064940   -0.006947440
     0.009567615    0.005447098    0.027907416   -0.038410945   -0.019347977
    -0.006804707    0.009367270    0.003765937    0.004467329   -0.006148761
    -0.003687567   -0.062070607   -0.121251369    0.166887645   -0.093841761
    -0.288814318    0.051078211    0.098942664   -0.136182450    0.061591144
     0.189557443   -0.029505438   -0.050733700    0.069828702   -0.039466785
    -0.121465887    0.008043349   -0.001584891    0.002181424    0.005701842
     0.017548409   -0.011810553   -0.003837494    0.003321121   -0.008930943
    -0.000418061    0.000575415   -0.001548568    0.001552722   -0.027693574
    -0.001599291   -0.000456587    0.000292122    0.043846144    0.042073872
    -0.002087573   -0.007791827    0.000176676    0.356473939    0.415855676
    -0.013531333    0.018624292    0.011090339    0.001552184   -0.027694161
     0.000928408    0.001379956    0.000292097    0.043845733    0.042073451
     0.008055544   -0.000422456    0.000176653
    -0.078269166    0.214656086    0.005497578    0.041064852    0.011240024
    -0.003653242    0.005447085   -0.045155028    0.014671665   -0.019347931
     0.011009905   -0.003577631    0.003765928   -0.007228258    0.002348602
    -0.003687559   -0.062070456    0.196188143   -0.063745169    0.245680809
    -0.178497687    0.051078089   -0.160092028    0.052016872   -0.161247636
     0.117153351   -0.029505368    0.082088564   -0.026672095    0.103325340
    -0.075070308    0.008043332    0.002564396   -0.000833223   -0.014927609
     0.010845551   -0.007299349    0.010046684    0.003321131   -0.008930906
     0.000676434   -0.000219787   -0.001548566    0.043845292    0.042072908
    -0.006765387   -0.004393141    0.000176645    0.001552363   -0.027693837
     0.000060025   -0.001662119    0.000292098    0.001552642   -0.027693516
     0.001025509    0.001309413    0.000292109    0.356473864    0.415855493
     0.021894174   -0.007113853    0.011090351    0.043845573    0.042073231
    -0.002891068    0.007530739    0.000176657
    -0.078269336    0.214656551    0.005497590    0.041064940    0.006947440
     0.009567616    0.005447098   -0.027907416   -0.038410946   -0.019347977
     0.006804707    0.009367270    0.003765937   -0.004467329   -0.006148761
    -0.003687567   -0.062070607    0.121251368    0.166887648   -0.093841759
     0.288814314    0.051078212   -0.098942664   -0.136182453    0.061591143
    -0.189557440   -0.029505438    0.050733700    0.069828703   -0.039466785
     0.121465886    0.008043349    0.001584891    0.002181424    0.005701842
    -0.017548408    0.011810553   -0.003837493    0.003321121   -0.008930943
     0.000418061    0.000575415   -0.001548568    0.001552720   -0.027693576
     0.001599291   -0.000456586    0.000292122    0.001552185   -0.027694161
    -0.000928408    0.001379956    0.000292097    0.043845737    0.042073456
    -0.008055544   -0.000422456    0.000176653    0.043846146    0.042073873
     0.002087573   -0.007791827    0.000176676    0.356473940    0.415855677
     0.013531333    0.018624292    0.011090339
     0.125166129   -0.315046859   -0.004326347   -0.092881303   -0.000001885
     0.000001386    0.021500659    0.000011266   -0.000008321   -0.092230666
    -0.000002494    0.000001858    0.015132790    0.000001792   -0.000001362
    -0.000693286   -0.377201668   -0.000048803    0.000036234    0.000071179
     0.000023282    0.294349648    0.000039823   -0.000029565   -0.000046717
    -0.000015281   -0.145853127   -0.000020423    0.000015179    0.000029935
     0.000009792   -0.029283463   -0.000000636    0.000000458   -0.000004325
    -0.000001415    0.000000952    0.000002911    0.354646827    0.341328592
     0.000000000    0.000000000   -0.028039089    0.003452691    0.003628821
    -0.000000001   -0.000241506    0.000115260    0.003308253    0.003460394
    -0.000220940   -0.000071787    0.000110655    0.003389493    0.003555158
    -0.000139590    0.000192130    0.000113246    0.003371054    0.003533660
     0.000224743   -0.000073023    0.000112657    0.003379866    0.003543942
     0.000139228    0.000191634    0.000112939
     0.113743884   -0.313095901   -0.008517699   -0.059306643   -0.000028579
     0.010659705   -0.007560790    0.000170806   -0.063711351    0.030452587
    -0.000037818    0.014106261   -0.005623001    0.000027172   -0.010135559
     0.005481561    0.099071525   -0.000739902    0.275987489    0.202651827
    -0.000378774   -0.081226603    0.000603764   -0.225207295   -0.133006433
     0.000248601    0.046482014   -0.000309627    0.115492602    0.085228752
    -0.000159300   -0.011410347   -0.000009636    0.003594381   -0.012313161
     0.000023014   -0.000015489    0.008287090    0.003348495    0.003179183
     0.000000000    0.000000016   -0.000274363    0.342610836    0.399532278
    -0.000000018   -0.021811774    0.010929320   -0.032246005   -0.037626766
     0.001947622    0.000638573   -0.001034929    0.010000188    0.011584852
    -0.000371229    0.000518713    0.000317226   -0.031974887   -0.037309962
    -0.001931227    0.000633238   -0.001026295    0.010956073    0.012699569
     0.000406999    0.000567991    0.000347700
     0.105150015   -0.289428666   -0.007872474   -0.054835872    0.009916670
     0.003245821   -0.006978331   -0.059270380   -0.019398907    0.028105241
     0.013123571    0.004295144   -0.005190551   -0.009430398   -0.003086120
     0.005065330    0.091409823    0.256756428    0.084033172   -0.174385602
    -0.126385763   -0.074949762   -0.209514571   -0.068571525    0.114454467
     0.082950743    0.042898447    0.107445505    0.035165409   -0.073340900
    -0.053153732   -0.010553947    0.003343443    0.001094413    0.010595700
     0.007679221   -0.005168323   -0.007131192    0.003223522    0.003060698
     0.000000011    0.000000003   -0.000263960   -0.045488681   -0.053032882
     0.000005405    0.002911940   -0.001448488    0.345546177    0.402958626
    -0.020924305   -0.006798705    0.011020919   -0.045715393   -0.053351816
     0.001717689   -0.002354987   -0.001453180    0.011512567    0.013269811
     0.000703898   -0.000223857    0.000366590    0.010801791    0.012501957
     0.000411501    0.000558568    0.000343914
     0.109077694   -0.300245831   -0.008167430   -0.056878742    0.006546424
    -0.008293093   -0.007245007   -0.039125140    0.049566213    0.029179972
     0.008662481   -0.010974976   -0.005388511   -0.006223665    0.007886557
     0.005255647    0.094918743    0.169481099   -0.214719285    0.060354058
     0.200293972   -0.077824247   -0.138297533    0.175212036   -0.039612167
    -0.131458903    0.044539207    0.070922593   -0.089854184    0.025382949
     0.084237116   -0.010945114    0.002207483   -0.002795981   -0.003667123
    -0.012169897    0.008190669    0.002468073    0.003275379    0.003109847
     0.000000014   -0.000000005   -0.000268291    0.010043027    0.011563523
     0.000004681   -0.000644580    0.000319574   -0.032441168   -0.037785026
     0.001966282    0.000633194   -0.001041975    0.344103963    0.401270876
    -0.012877307    0.017724280    0.010975987    0.011120392    0.012834688
     0.000675936   -0.000224361    0.000353746   -0.045800510   -0.053400314
    -0.001716024   -0.002371224   -0.001457429
     0.109747726   -0.302090188   -0.008217611   -0.057228114   -0.010149381
     0.002850687   -0.007289479    0.060660449   -0.017038095    0.029359310
    -0.013430939    0.003772754   -0.005421612    0.009650526   -0.002711358
     0.005287934    0.095502149   -0.262773048    0.073810449   -0.171613875
     0.119311086   -0.078302574    0.214424222   -0.060229682    0.112635300
    -0.078307421    0.044812940   -0.109962877    0.030887827   -0.072175201
     0.050178353   -0.011012336   -0.003422166    0.000960984    0.010427289
    -0.007249362    0.004879017   -0.007017847    0.003295149    0.003128615
    -0.000000016    0.000000002   -0.000269911   -0.045391059   -0.052928956
    -0.000005463    0.002905188   -0.001445279    0.011524465    0.013280372
    -0.000704585   -0.000224206    0.000366964    0.010679239    0.012366732
    -0.000406656    0.000551763    0.000339837    0.344046850    0.401209044
     0.020832335   -0.006768956    0.010974102   -0.032048103   -0.037411240
    -0.001199006   -0.001641105   -0.001027517
     0.109472557   -0.301332794   -0.008197006   -0.057084584   -0.005840875
    -0.008789750   -0.007271300    0.034909852    0.052533161    0.029285883
    -0.007729868   -0.011631256   -0.005408063    0.005554821    0.008356964
     0.005274685    0.095263407   -0.151229663   -0.227563872    0.068768089
    -0.197420297   -0.078106809    0.123404165    0.185693377   -0.045134546
     0.129572824    0.044700869   -0.063285608   -0.095228626    0.028921617
    -0.083028541   -0.010984702   -0.001969153   -0.002963837   -0.004178361
     0.011995292   -0.008073155    0.002812150    0.003286468    0.003120374
    -0.000000011   -0.000000005   -0.000269200    0.011222549    0.012927900
    -0.000004492   -0.000720239    0.000357360    0.010532240    0.012161335
    -0.000639594   -0.000212742    0.000334769   -0.032013002   -0.037313709
     0.001192949   -0.001651143   -0.001028040   -0.045733186   -0.053297371
    -0.002782400    0.000898302   -0.001455614    0.344056768    0.401217282
     0.012875666    0.017721627    0.010974469
    -0.170579249   -0.159417696    0.122476104    0.251884268    0.000000005
    -0.000000226   -0.368262996   -0.000000026    0.000000756    1.005645192
     0.000000005    0.000000087    0.183408890   -0.000000005   -0.000000523
    -0.537757657   -0.294972183    0.000000115   -0.000000138   -0.000000168
    -0.000000055   -0.265291942   -0.000000094    0.000000149    0.000000110
     0.000000036   -0.024936370    0.000000048    0.000000200   -0.000000071
    -0.000000023   -0.391931403    0.000000002   -0.000000233    0.000000010
     0.000000003   -0.000000002   -0.000000007    0.000002085    0.000002096
     0.000000000    0.000000000   -0.000000156   -0.000000771   -0.000000768
     0.000000000    0.000000055   -0.000000022   -0.000000430   -0.000000371
     0.000000032    0.000000010   -0.000000011   -0.000000622   -0.000000595
     0.000000027   -0.000000037   -0.000000017   -0.000000579   -0.000000544
    -0.000000041    0.000000013   -0.000000016   -0.000000599   -0.000000568
    -0.000000026   -0.000000036   -0.000000016
    -0.000000199    0.000000257    0.000000059    0.000000257    0.000000232
     0.337348795   -0.000000362   -0.000000720   -1.118406646    0.000000691
    -0.000000128   -0.139127243    0.000000089    0.000000612    0.799019339
    -0.000000412   -0.000000140   -0.000000428    0.080505404   -0.000000224
    -0.000000227   -0.000000113    0.000000309   -0.119831655    0.000000147
     0.000000149   -0.000000052   -0.000000471   -0.358006249   -0.000000094
    -0.000000095   -0.000000232    0.000000256    0.352225613    0.000000014
     0.000000014   -0.000000009   -0.000000009    0.000000144    0.000000152
     0.000000000    0.000000005   -0.000000010   -0.000061849    0.000058018
     0.000000000    0.000011026   -0.000003710   -0.000000248   -0.000000217
     0.000000030   -0.000000018   -0.000000012    0.000003193   -0.000001717
    -0.000000338    0.000000428    0.000000183   -0.000000048    0.000000017
    -0.000000018   -0.000000022   -0.000000006    0.000003789   -0.000001022
     0.000000360    0.000000459    0.000000202
    -0.000000088    0.000000243    0.000000007    0.000000046    0.337348530
    -0.000000232    0.000000006   -1.118406685    0.000000719   -0.000000024
    -0.139127306    0.000000129    0.000000004    0.799019342   -0.000000613
    -0.000000004   -0.000000077    0.080505506    0.000000430   -0.000000300
    -0.000000094    0.000000063   -0.119831739   -0.000000311    0.000000197
     0.000000062   -0.000000036   -0.358006205    0.000000471   -0.000000126
    -0.000000040    0.000000009    0.352225613   -0.000000256    0.000000018
     0.000000006   -0.000000004   -0.000000012   -0.000000003   -0.000000002
     0.000000005    0.000000000    0.000000000   -0.000000066   -0.000000077
    -0.000000027    0.000000004   -0.000000002   -0.000006558    0.000005123
     0.000001104    0.000000371   -0.000000388   -0.000001305   -0.000000656
     0.000000059   -0.000000124   -0.000000056    0.000006983   -0.000004627
     0.000001129   -0.000000379    0.000000402    0.000000715   -0.000000033
     0.000000037    0.000000094    0.000000037
     0.774808383   -0.338471880   -0.712758919    0.160284180    0.000000000
    -0.000000021   -0.056832369    0.000000003    0.000000067    0.646811687
    -0.000000001    0.000000009   -0.035342877    0.000000000   -0.000000050
    -0.863045118    0.988929015   -0.000000013    0.000000004    0.000000019
     0.000000006    0.853005583    0.000000010    0.000000000   -0.000000012
    -0.000000004   -0.396562331   -0.000000005    0.000000026    0.000000008
     0.000000003    0.138708102    0.000000000   -0.000000022   -0.000000001
     0.000000000    0.000000000    0.000000001    0.000006086   -0.000004417
     0.000000000    0.000000000   -0.000004652   -0.000003088    0.000002630
     0.000000000    0.000001652   -0.000000426   -0.000003126    0.000002586
     0.000001573    0.000000511   -0.000000427   -0.000003104    0.000002611
     0.000000972   -0.000001337   -0.000000426   -0.000003109    0.000002605
    -0.000001572    0.000000511   -0.000000426   -0.000003107    0.000002608
    -0.000000972   -0.000001337   -0.000000426
    -0.000141700    0.000079281    0.000134147   -0.000052988    0.465455268
    -0.000003749    0.000012443    1.624431854    0.000017201    0.000127122
    -1.519024030   -0.000005733   -0.000097423   -0.859352393    0.000004871
    -0.000005282    0.000016009   -0.030580036   -0.000005819   -0.000000599
    -0.003822109    0.000024045   -0.073396266   -0.000011911   -0.000000945
    -0.006953734   -0.000009700   -0.020365304   -0.000002710   -0.000000197
    -0.002259960    0.000059195    0.031394075    0.000014357   -0.000000005
    -0.000064279    0.000000000    0.000000000    0.000000000    0.000000000
     0.000000000    0.000000000    0.000000000    0.000000000    0.000000000
     0.000000000    0.000000000    0.000000000    0.000000000    0.000000000
     0.000000000    0.000000000    0.000000000    0.000000000    0.000000000
     0.000000000    0.000000000    0.000000000    0.000000000    0.000000000
     0.000000000    0.000000000    0.000000000    0.000000000    0.000000000
     0.000000000    0.000000000    0.000000000
    -0.133938385   -0.284292052    0.090283608    0.349294792   -0.000020269
    -0.118107356   -0.005467378    0.000044584    0.230667593   -0.156018222
    -0.000021614    0.276834612    0.100641511    0.000092734   -0.715711076
     0.014294525    0.061023369   -0.000003095   -0.126516714    0.008622436
    -0.000007392   -0.020341517   -0.000035876   -0.132292043    0.014939924
    -0.000010326   -0.098286545   -0.000018220   -0.028961393    0.004278761
    -0.000000966   -0.016944092    0.000026833    0.743790927    0.000043857
    -0.000000090    0.000000000   -0.000000275    0.000000000    0.000000000
     0.000000000    0.000000000    0.000000000    0.000000000    0.000000000
     0.000000000    0.000000000    0.000000000    0.000000000    0.000000000
     0.000000000    0.000000000    0.000000000    0.000000000    0.000000000
     0.000000000    0.000000000    0.000000000    0.000000000    0.000000000
     0.000000000    0.000000000    0.000000000    0.000000000    0.000000000
     0.000000000    0.000000000    0.000000000
     1.132690639   -0.684685356   -1.079365841    0.485887895   -0.000148813
     0.037506242   -0.085299374    0.000508105   -0.154111342   -1.047634210
    -0.000382207    0.037362972    0.755320311    0.001048019   -0.019504903
     0.103815793   -0.074415507   -0.000099607    0.042513877    0.005453561
    -0.000068445   -0.125016193   -0.000386839    0.096436820    0.009074766
    -0.000090772    0.082146451   -0.000101165    0.028467978    0.002299378
    -0.000003661   -0.567383474    0.000136038   -0.152914229    0.000051380
    -0.000000574   -0.000000004    0.000000056    0.000000000    0.000000000
     0.000000000    0.000000000    0.000000000    0.000000000    0.000000000
     0.000000000    0.000000000    0.000000000    0.000000000    0.000000000
     0.000000000    0.000000000    0.000000000    0.000000000    0.000000000
     0.000000000    0.000000000    0.000000000    0.000000000    0.000000000
     0.000000000    0.000000000    0.000000000    0.000000000    0.000000000
     0.000000000    0.000000000    0.000000000
    -0.040959780   -0.123560439    0.023943364    0.147362085   -0.000007838
     0.448272984   -0.003191798    0.000012778    1.638091504   -0.073248680
    -0.000004810   -1.508321014    0.047714966    0.000033226   -0.827099775
     0.008632626    0.029372007   -0.000002407   -0.048478900    0.003585062
    -0.000002901   -0.010701857   -0.000014011   -0.105695784    0.006668936
    -0.000004140   -0.048591702   -0.000006363   -0.025259981    0.002276860
    -0.000000474   -0.009609623    0.000008663    0.062133264    0.000011474
    -0.000000039    0.000000000   -0.000000167    0.000000000    0.000000000
     0.000000000    0.000000000    0.000000000    0.000000000    0.000000000
     0.000000000    0.000000000    0.000000000    0.000000000    0.000000000
     0.000000000    0.000000000    0.000000000    0.000000000    0.000000000
     0.000000000    0.000000000    0.000000000    0.000000000    0.000000000
     0.000000000    0.000000000    0.000000000    0.000000000    0.000000000
     0.000000000    0.000000000    0.000000000
     0.000215665   -0.000112367   -0.000203201    0.000071047   -0.147877923
     0.000006369   -0.000018618    0.376162613   -0.000027182   -0.000185449
     0.203893920    0.000006688    0.000144226   -0.605405060   -0.000002407
     0.000003404   -0.000025738   -0.151820724    0.000007912    0.000000698
     0.028181048   -0.000040598   -0.213268856    0.000017039    0.000001075
     0.050945498    0.000011442   -0.053632436    0.000004634    0.000000199
     0.016288714   -0.000083471    0.838905767   -0.000026879    0.000000006
     0.000099080    0.000000003    0.000000000    0.000000000    0.000000000
     0.000000000    0.000000000    0.000000000    0.000000000    0.000000000
     0.000000000    0.000000000    0.000000000    0.000000000    0.000000000
     0.000000000    0.000000000    0.000000000    0.000000000    0.000000000
     0.000000000    0.000000000    0.000000000    0.000000000    0.000000000
     0.000000000    0.000000000    0.000000000    0.000000000    0.000000000
     0.000000000    0.000000000    0.000000000
    -1.046410302   -0.833901139    0.847724879    1.182553578   -0.000019592
     0.069667416    0.011077750    0.000030714   -0.278550402   -0.139471040
    -0.000010708    0.066060066    0.053019141    0.000081212   -0.040775566
     0.045499791    0.325611728   -0.000005758    0.060341664    0.036110027
    -0.000005606   -0.018427828   -0.000034494    0.139259155    0.061947140
    -0.000008405   -0.499418354   -0.000016033    0.032389633    0.017249056
    -0.000001361    0.224336225    0.000021711   -0.309150076    0.000290809
    -0.000000101    0.000000000   -0.000000053    0.000000000    0.000000000
     0.000000000    0.000000000    0.000000000    0.000000000    0.000000000
     0.000000000    0.000000000    0.000000000    0.000000000    0.000000000
     0.000000000    0.000000000    0.000000000    0.000000000    0.000000000
     0.000000000    0.000000000    0.000000000    0.000000000    0.000000000
     0.000000000    0.000000000    0.000000000    0.000000000    0.000000000
     0.000000000    0.000000000    0.000000000
     2.682947215   -1.675750768   -2.548205087    1.168753372    0.000050060
     0.038121162    0.097586539   -0.000083509   -0.022418613    0.458111141
     0.000032730   -0.013665103   -0.455125354   -0.000214946   -0.120259543
     0.030243906   -0.347407894    0.000015803    0.030274610   -0.001311732
     0.000023103   -0.143476233    0.000090444    0.070517928   -0.003400356
     0.000031851    0.266777627    0.000040578    0.017480944   -0.001875564
     0.000002560    0.193820362   -0.000055126   -0.038580885    0.000070687
     0.000000259    0.000000000    0.000000134    0.000000000    0.000000000
     0.000000000    0.000000000    0.000000000    0.000000000    0.000000000
     0.000000000    0.000000000    0.000000000    0.000000000    0.000000000
     0.000000000    0.000000000    0.000000000    0.000000000    0.000000000
     0.000000000    0.000000000    0.000000000    0.000000000    0.000000000
     0.000000000    0.000000000    0.000000000    0.000000000    0.000000000
     0.000000000    0.000000000    0.000000000
    -0.000064049    0.000037591    0.000060606   -0.000025277   -0.003668211
    -0.000001478    0.000005644    0.015702406    0.000006800    0.000047369
    -0.031624196   -0.000002170   -0.000040554    0.091922418    0.000001590
     0.000006366    0.000015513    0.006291433   -0.000002786   -0.000000251
     0.962970700    0.000017815   -0.002825288   -0.000005127   -0.000000388
     1.141470660   -0.000007325    0.002072167   -0.000000922   -0.000000073
    -0.091795837    0.000014601   -0.015585302    0.000005700   -0.000000002
     0.094140982   -0.000001147    0.000000000    0.000000000    0.000000000
     0.000000000    0.000000000    0.000000000    0.000000000    0.000000000
     0.000000000    0.000000000    0.000000000    0.000000000    0.000000000
     0.000000000    0.000000000    0.000000000    0.000000000    0.000000000
     0.000000000    0.000000000    0.000000000    0.000000000    0.000000000
     0.000000000    0.000000000    0.000000000    0.000000000    0.000000000
     0.000000000    0.000000000    0.000000000
     0.000016142   -0.000008918   -0.000015268    0.000005904   -0.001284401
     0.000000436   -0.000001407   -0.001053201   -0.000001975   -0.000014324
     0.008721636    0.000000625    0.000011009   -0.019283656   -0.000000484
     0.000000520   -0.000001867   -0.001499470    0.000000651    0.000000066
     1.066311454   -0.000002795   -0.001499808    0.000001342    0.000000103
     0.165992797    0.000001090   -0.002144409    0.000000314    0.000000021
    -1.303615788   -0.000006634    0.009088116   -0.000001708    0.000000001
    -0.001171687   -0.000003404    0.000000000    0.000000000    0.000000000
     0.000000000    0.000000000    0.000000000    0.000000000    0.000000000
     0.000000000    0.000000000    0.000000000    0.000000000    0.000000000
     0.000000000    0.000000000    0.000000000    0.000000000    0.000000000
     0.000000000    0.000000000    0.000000000    0.000000000    0.000000000
     0.000000000    0.000000000    0.000000000    0.000000000    0.000000000
     0.000000000    0.000000000    0.000000000
    -0.000023324    0.000015358    0.000022355   -0.000011405    0.015358790
    -0.000000378    0.000002218    0.061851460    0.000002183    0.000023807
    -0.115042801   -0.000001899   -0.000017490    0.166968853    0.000003901
    -0.000002836    0.000001429    1.043400649   -0.000001422   -0.000000095
    -0.011721137    0.000002560    1.058158411   -0.000002800   -0.000000181
    -0.017118688   -0.000001673   -0.201914085   -0.000000481   -0.000000066
    -0.002346578    0.000011906    0.302124663   -0.000000549   -0.000000001
    -0.000185606   -0.000000045    0.000000000    0.000000000    0.000000000
     0.000000000    0.000000000    0.000000000    0.000000000    0.000000000
     0.000000000    0.000000000    0.000000000    0.000000000    0.000000000
     0.000000000    0.000000000    0.000000000    0.000000000    0.000000000
     0.000000000    0.000000000    0.000000000    0.000000000    0.000000000
     0.000000000    0.000000000    0.000000000    0.000000000    0.000000000
     0.000000000    0.000000000    0.000000000
     0.000081781   -0.000048760   -0.000077767    0.000034043   -0.078055023
     0.000002031   -0.000007061    0.215334477   -0.000010301   -0.000075136
     0.093228984    0.000003121    0.000057017   -0.306213817   -0.000000717
     0.000003347   -0.000010200    0.999811060    0.000003305    0.000000560
     0.008211894   -0.000012986    0.162750045    0.000006073    0.000000842
     0.013187144    0.000008282   -1.235081146    0.000000937    0.000000138
     0.002945961   -0.000036266   -0.208714558   -0.000009805    0.000000004
     0.000152317   -0.000000157    0.000000000    0.000000000    0.000000000
     0.000000000    0.000000000    0.000000000    0.000000000    0.000000000
     0.000000000    0.000000000    0.000000000    0.000000000    0.000000000
     0.000000000    0.000000000    0.000000000    0.000000000    0.000000000
     0.000000000    0.000000000    0.000000000    0.000000000    0.000000000
     0.000000000    0.000000000    0.000000000    0.000000000    0.000000000
     0.000000000    0.000000000    0.000000000
     0.130544039    0.000058437   -0.115569472   -0.034223842   -0.000002343
    -0.019918390   -0.004701846    0.000001840   -0.070543772   -0.008823909
    -0.000000132    0.125103922    0.010595566    0.000009637   -0.157292782
     0.008978446    0.001497093   -0.000001973   -1.040971554    0.000797191
    -0.000001309   -0.014514386   -0.000004834   -1.058129623    0.002227754
    -0.000001812   -0.019622769   -0.000001159    0.199286371    0.001311673
    -0.000000153    0.002901156    0.000001476   -0.299978246   -0.000118177
    -0.000000015    0.000000000   -0.000002028    0.000000000    0.000000000
     0.000000000    0.000000000    0.000000000    0.000000000    0.000000000
     0.000000000    0.000000000    0.000000000    0.000000000    0.000000000
     0.000000000    0.000000000    0.000000000    0.000000000    0.000000000
     0.000000000    0.000000000    0.000000000    0.000000000    0.000000000
     0.000000000    0.000000000    0.000000000    0.000000000    0.000000000
     0.000000000    0.000000000    0.000000000
     0.042959132   -0.251634536   -0.063392797    0.267856260   -0.000008805
     0.016798508    0.003304092    0.000014303   -0.177844370   -0.059570987
    -0.000005339   -0.064265111    0.028375737    0.000037218    0.473658420
     0.008589302    0.016712095   -0.000002661   -0.979631187    0.003482164
    -0.000003046   -0.016038214   -0.000015698   -0.234843738    0.006546895
    -0.000004397   -0.039080070   -0.000007179    1.154729762    0.002286938
    -0.000000553    0.001802805    0.000009740    0.267992891    0.000008462
    -0.000000044    0.000000000    0.000000502    0.000000000    0.000000000
     0.000000000    0.000000000    0.000000000    0.000000000    0.000000000
     0.000000000    0.000000000    0.000000000    0.000000000    0.000000000
     0.000000000    0.000000000    0.000000000    0.000000000    0.000000000
     0.000000000    0.000000000    0.000000000    0.000000000    0.000000000
     0.000000000    0.000000000    0.000000000    0.000000000    0.000000000
     0.000000000    0.000000000    0.000000000
    -0.062755788   -0.133941333    0.042127914    0.164779246   -0.000002983
    -0.017113853    0.004034294    0.000004917    0.014539184   -0.028485204
    -0.000001890    0.007069800    0.011349689    0.000012729    0.041970181
    -0.002158224    0.008688053   -0.000000928    0.014094776   -1.019989264
    -0.000000994   -0.001603194   -0.000005354   -0.022187216   -1.147801319
    -0.000001443   -0.011900764   -0.000002414   -0.037063342    0.164946096
    -0.000000190    0.001222879    0.000003295    0.010914511   -0.081293219
    -0.000000015    0.000000000    0.000001311    0.000000000    0.000000000
     0.000000000    0.000000000    0.000000000    0.000000000    0.000000000
     0.000000000    0.000000000    0.000000000    0.000000000    0.000000000
     0.000000000    0.000000000    0.000000000    0.000000000    0.000000000
     0.000000000    0.000000000    0.000000000    0.000000000    0.000000000
     0.000000000    0.000000000    0.000000000    0.000000000    0.000000000
     0.000000000    0.000000000    0.000000000
    -0.034460286   -0.028025569    0.027711221    0.040020540   -0.000000536
    -0.000112679    0.001491672    0.000000890    0.000538997   -0.004859686
    -0.000000346   -0.000128843    0.001145850    0.000002294   -0.000039550
    -0.002209739    0.001585077   -0.000000168   -0.001590235    1.010055190
    -0.000000182    0.001505326   -0.000000965   -0.002637217    0.100826905
    -0.000000263    0.000111684   -0.000000433   -0.000793856   -1.296266967
    -0.000000034    0.000213188    0.000000593   -0.001033446   -0.000328517
    -0.000000003    0.000000000   -0.000003335    0.000000000    0.000000000
     0.000000000    0.000000000    0.000000000    0.000000000    0.000000000
     0.000000000    0.000000000    0.000000000    0.000000000    0.000000000
     0.000000000    0.000000000    0.000000000    0.000000000    0.000000000
     0.000000000    0.000000000    0.000000000    0.000000000    0.000000000
     0.000000000    0.000000000    0.000000000    0.000000000    0.000000000
     0.000000000    0.000000000    0.000000000
    -0.532383373   -0.247937250    0.433771862    0.452391471   -0.000005611
    -0.001730055    0.066954876   -0.000021480    0.004420561   -0.049263901
     0.000033331    0.000586445   -0.253734108   -0.000034854   -0.001251664
     0.558303979    0.354288930    0.000003674   -0.018648394    0.011155425
    -0.000011436    0.642287838    0.000006551   -0.029101951    0.019996545
    -0.000014444    0.215781648   -0.000003894   -0.007423302    0.006262571
     0.000000178   -0.487983725    0.000017021   -0.009779787    0.000041640
    -0.000000050    0.000000001    0.000000063    0.000000000    0.000000000
     0.000000000    0.000000000    0.000000000    0.000000000    0.000000000
     0.000000000    0.000000000    0.000000000    0.000000000    0.000000000
     0.000000000    0.000000000    0.000000000    0.000000000    0.000000000
     0.000000000    0.000000000    0.000000000    0.000000000    0.000000000
     0.000000000    0.000000000    0.000000000    0.000000000    0.000000000
     0.000000000    0.000000000    0.000000000
     0.507367913   -0.001475152   -0.447323747   -0.137229427   -0.000027181
     0.017776073   -0.451985645    0.000049304   -0.011730746   -1.123154681
    -0.000021896   -0.008830537    1.145818021    0.000122230   -0.045496108
     0.998651900    0.308830840   -0.000007806   -0.007633135   -0.016109203
    -0.000011721    0.253053886   -0.000050107    0.033686420   -0.024808878
    -0.000016255   -0.206576803   -0.000023125    0.041304067   -0.004610050
    -0.000001403    0.292242838    0.000029278   -0.001207892   -0.000037271
    -0.000000138   -0.000000001   -0.000000042    0.000000000    0.000000000
     0.000000000    0.000000000    0.000000000    0.000000000    0.000000000
     0.000000000    0.000000000    0.000000000    0.000000000    0.000000000
     0.000000000    0.000000000    0.000000000    0.000000000    0.000000000
     0.000000000    0.000000000    0.000000000    0.000000000    0.000000000
     0.000000000    0.000000000    0.000000000    0.000000000    0.000000000
     0.000000000    0.000000000    0.000000000
    -0.732775339   -0.137410527    0.638270962    0.333956788    0.000052579
    -0.000025416   -0.143590498   -0.000080529    0.001404296   -0.138699578
     0.000026789   -0.000750367    0.398441554   -0.000215393   -0.000225427
    -0.232165663   -0.764015146    0.000012928   -0.017181360    0.014732661
     0.000026106   -0.042590493    0.000091143   -0.027883474    0.026370613
     0.000035754    1.051227693    0.000045488   -0.008498277    0.008228533
     0.000002632    0.300673354   -0.000057041   -0.017740818    0.000044089
     0.000000277    0.000000000    0.000000091    0.000000000    0.000000000
     0.000000000    0.000000000    0.000000000    0.000000000    0.000000000
     0.000000000    0.000000000    0.000000000    0.000000000    0.000000000
     0.000000000    0.000000000    0.000000000    0.000000000    0.000000000
     0.000000000    0.000000000    0.000000000    0.000000000    0.000000000
     0.000000000    0.000000000    0.000000000    0.000000000    0.000000000
     0.000000000    0.000000000    0.000000000
    -0.001000630    0.000651793    0.000960301   -0.000487499   -0.172690007
    -0.000025572    0.000183559    0.288365900    0.000116959    0.001788047
    -0.113444995   -0.000039074   -0.001294287    0.742668348    0.000033865
    -0.000369365   -0.000316443   -0.054387757   -0.000009561   -0.000003690
    -0.067677831    0.000109850   -0.312201325   -0.000063274   -0.000005817
    -0.095515260    0.000406201   -0.140212640   -0.000040009   -0.000001203
    -0.009910367    0.000828401    0.189639533    0.000091920   -0.000000017
    -0.000837355   -0.000000064   -0.000000003    0.000000000    0.000000000
     0.000000000    0.000000000    0.000000000    0.000000000    0.000000000
     0.000000000    0.000000000    0.000000000    0.000000000    0.000000000
     0.000000000    0.000000000    0.000000000    0.000000000    0.000000000
     0.000000000    0.000000000    0.000000000    0.000000000    0.000000000
     0.000000000    0.000000000    0.000000000    0.000000000    0.000000000
     0.000000000    0.000000000    0.000000000
     0.348282339   -0.758778436   -0.384772835    0.750324759   -0.000022688
    -0.225339915   -0.033547742    0.000039195    0.196225296   -0.293623143
    -0.000016690    0.085792665    0.199889678    0.000100778    0.566844795
     0.120675886    0.078134473   -0.000009845    0.215332201    0.090603737
    -0.000007644   -0.046160474   -0.000042835   -0.232695503    0.111426825
    -0.000011064   -0.159090417   -0.000016160   -0.457363786   -0.004674560
    -0.000001420    0.024024291    0.000025130    0.189764718    0.000683831
    -0.000000112    0.000000000   -0.000000818    0.000000000    0.000000000
     0.000000000    0.000000000    0.000000000    0.000000000    0.000000000
     0.000000000    0.000000000    0.000000000    0.000000000    0.000000000
     0.000000000    0.000000000    0.000000000    0.000000000    0.000000000
     0.000000000    0.000000000    0.000000000    0.000000000    0.000000000
     0.000000000    0.000000000    0.000000000    0.000000000    0.000000000
     0.000000000    0.000000000    0.000000000
    -0.005220423   -0.009989726    0.003620025    0.012430993   -0.000000220
    -0.001268788    0.000333358    0.000000360    0.001106370   -0.002089239
    -0.000000136    0.000518066    0.000799187    0.000000934    0.003074376
    -0.000255937    0.000616955   -0.000000068    0.000872227   -0.062243366
    -0.000000073   -0.000092709   -0.000000394   -0.001815349   -0.107357967
    -0.000000106   -0.000799770   -0.000000178   -0.002705714    0.021756383
    -0.000000014    0.000052610    0.000000243    0.000790866    0.996059856
    -0.000000001    0.000000000    0.000000105    0.000000000    0.000000000
     0.000000000    0.000000000    0.000000000    0.000000000    0.000000000
     0.000000000    0.000000000    0.000000000    0.000000000    0.000000000
     0.000000000    0.000000000    0.000000000    0.000000000    0.000000000
     0.000000000    0.000000000    0.000000000    0.000000000    0.000000000
     0.000000000    0.000000000    0.000000000    0.000000000    0.000000000
     0.000000000    0.000000000    0.000000000
     0.000005314   -0.000003139   -0.000005028    0.000002113    0.000259850
     0.000000121   -0.000000474   -0.001198261   -0.000000555   -0.000003862
     0.002752928    0.000000176    0.000003358   -0.008012653   -0.000000127
    -0.000000611   -0.000001360   -0.000588114    0.000000232    0.000000021
    -0.069156599   -0.000001554    0.000191791    0.000000423    0.000000032
    -0.121533611    0.000000619   -0.000161162    0.000000074    0.000000006
     0.015874091   -0.000001094    0.001651805   -0.000000466    0.000000000
     0.994927054    0.000000105    0.000000000    0.000000000    0.000000000
     0.000000000    0.000000000    0.000000000    0.000000000    0.000000000
     0.000000000    0.000000000    0.000000000    0.000000000    0.000000000
     0.000000000    0.000000000    0.000000000    0.000000000    0.000000000
     0.000000000    0.000000000    0.000000000    0.000000000    0.000000000
     0.000000000    0.000000000    0.000000000    0.000000000    0.000000000
     0.000000000    0.000000000    0.000000000
     0.000000005   -0.000000002   -0.000000005    0.000000001   -0.000000031
     0.000000000   -0.000000001    0.000000068   -0.000000001   -0.000000005
    -0.000000005    0.000000000    0.000000004    0.000000050    0.000000000
     0.000000001   -0.000000001    0.000000203    0.000000000    0.000000000
    -0.013898060   -0.000000001    0.000000045    0.000000001    0.000000000
     0.009126703    0.000000000   -0.000000217    0.000000000    0.000000000
    -0.005851609   -0.000000001    0.000000003   -0.000000001    0.000000000
     0.000844736    0.999715775    0.000000000    0.000000000    0.000000000
     0.000000000    0.000000000    0.000000000    0.000000000    0.000000000
     0.000000000    0.000000000    0.000000000    0.000000000    0.000000000
     0.000000000    0.000000000    0.000000000    0.000000000    0.000000000
     0.000000000    0.000000000    0.000000000    0.000000000    0.000000000
     0.000000000    0.000000000    0.000000000    0.000000000    0.000000000
     0.000000000    0.000000000    0.000000000
     0.000000096   -0.000000264   -0.000000110    0.000000262    0.000000000
    -0.000000171   -0.000000059    0.000000001    0.000000422   -0.000000305
     0.000000000    0.000000174    0.000000246    0.000000002   -0.000000471
     0.000000134    0.000000202    0.000000000   -0.000001511   -0.013898009
     0.000000000   -0.000000060   -0.000000001   -0.000002254    0.009126770
     0.000000000   -0.000000354    0.000000000   -0.000000515   -0.005851608
     0.000000000    0.000000051    0.000000001   -0.000000391    0.000844737
     0.000000000    0.000000000    0.999715775    0.000000000    0.000000000
     0.000000000    0.000000000    0.000000000    0.000000000    0.000000000
     0.000000000    0.000000000    0.000000000    0.000000000    0.000000000
     0.000000000    0.000000000    0.000000000    0.000000000    0.000000000
     0.000000000    0.000000000    0.000000000    0.000000000    0.000000000
     0.000000000    0.000000000    0.000000000    0.000000000    0.000000000
     0.000000000    0.000000000    0.000000000
    -0.002133922    0.005515843   -0.000118200    0.001034454    0.000000003
    -0.000000005    0.005918269   -0.000000021    0.000000023   -0.000308805
     0.000000005   -0.000000003    0.001641213   -0.000000003   -0.000000003
    -0.000135229   -0.001624746    0.000000089   -0.000000067   -0.000000131
    -0.000000043    0.001366735   -0.000000073    0.000000055    0.000000086
     0.000000028   -0.000776373    0.000000037   -0.000000026   -0.000000055
    -0.000000018    0.000227170    0.000000001   -0.000000003    0.000000008
     0.000000003   -0.000000002   -0.000000005   -1.110188807    1.139497284
     0.000000000    0.000000000    0.449026001    0.002272499    0.002354654
     0.000000000   -0.000160298    0.000076123    0.002272765    0.002354964
    -0.000152468   -0.000049540    0.000076132    0.002272615    0.002354790
    -0.000094225    0.000129690    0.000076127    0.002272650    0.002354830
     0.000152461   -0.000049538    0.000076128    0.002272633    0.002354811
     0.000094226    0.000129690    0.000076128
    -0.000610765    0.000671756   -0.000646046    0.000131710    0.000000000
     0.000000000   -0.002206433   -0.000000001    0.000000001   -0.000138669
     0.000000000    0.000000000   -0.000582843    0.000000000    0.000000000
     0.000002246   -0.000198980    0.000000005   -0.000000003   -0.000000007
    -0.000000002    0.000159041   -0.000000004    0.000000003    0.000000004
     0.000000001   -0.000094840    0.000000002   -0.000000001   -0.000000003
    -0.000000001    0.000017579    0.000000000    0.000000000    0.000000000
     0.000000000    0.000000000    0.000000000   -0.585892674    0.547236199
     0.000000000   -0.000000418   -0.892420914    0.000288203    0.000267584
     0.000000000   -0.000020633    0.000007810    0.000288217    0.000267601
    -0.000019624   -0.000006376    0.000007811    0.000288209    0.000267592
    -0.000012128    0.000016693    0.000007810    0.000288211    0.000267594
     0.000019624   -0.000006376    0.000007810    0.000288210    0.000267593
     0.000012128    0.000016693    0.000007811
    -0.000000002    0.000000004    0.000000000    0.000000001    0.000000000
    -0.000710704   -0.000000001    0.000000000    0.000060416    0.000000000
     0.000000000   -0.000205597    0.000000000    0.000000000    0.000017627
     0.000000000   -0.000000001    0.000000000   -0.000370287   -0.000000002
     0.000000000    0.000000001    0.000000000    0.000302456    0.000000001
     0.000000000   -0.000000001    0.000000000   -0.000152786   -0.000000001
     0.000000000    0.000000000    0.000000000   -0.000006766    0.000000000
     0.000000000    0.000000000    0.000000000   -0.000000245    0.000000229
     0.000000000    0.999999061   -0.000000373    0.000263626    0.000350460
     0.000000000   -0.000014305    0.000006304    0.000081442    0.000108319
    -0.000006519    0.000005707    0.000002123   -0.000213282   -0.000283529
     0.000010519   -0.000006646   -0.000005127    0.000081443    0.000108319
     0.000006519    0.000005707    0.000002123   -0.000213282   -0.000283529
    -0.000010519   -0.000006646   -0.000005127
     0.000000000   -0.000000001    0.000000000    0.000000000   -0.000710704
     0.000000000    0.000000000    0.000060418    0.000000000    0.000000000
    -0.000205598    0.000000000    0.000000000    0.000017627    0.000000000
     0.000000000    0.000000000   -0.000370293    0.000000001   -0.000000001
     0.000000001    0.000000000    0.000302461   -0.000000001    0.000000000
    -0.000000001    0.000000000   -0.000152789    0.000000000    0.000000000
     0.000000000    0.000000000   -0.000006766    0.000000000    0.000000000
     0.000000000    0.000000000    0.000000000    0.000000000    0.000000000
     0.999999061    0.000000000    0.000000000    0.000000000    0.000000000
     0.000007211    0.000000000    0.000000000    0.000250726    0.000333311
    -0.000012190   -0.000006509    0.000005996    0.000154937    0.000206005
     0.000000240    0.000010444    0.000004152   -0.000250725   -0.000333309
    -0.000012190    0.000006509   -0.000005996   -0.000154938   -0.000206006
     0.000000240   -0.000010444   -0.000004152
     0.002862469   -0.008116048   -0.000490237   -0.001752332    0.000000022
    -0.006341833    0.002602754   -0.000000131    0.000452156    0.000116862
     0.000000029   -0.001840362    0.000682359   -0.000000021    0.000191678
     0.000085060   -0.000385905    0.000000568   -0.003164835    0.000272823
     0.000000160    0.000239646   -0.000000464    0.002582548   -0.000179062
    -0.000000105    0.000008232    0.000000238   -0.001324209    0.000114741
     0.000000067   -0.000396073    0.000000007   -0.000041380   -0.000016577
    -0.000000010    0.000000007    0.000011157   -0.003064619   -0.002911562
     0.000000000   -0.000000028    0.000249023    1.236954384   -1.210923536
     0.000000000   -0.222048153    0.074686382   -0.001666386   -0.001604515
     0.000118753    0.000038839   -0.000057806   -0.004476635   -0.005020741
     0.000154798   -0.000254025   -0.000145544   -0.001666716   -0.001604900
    -0.000118772    0.000038845   -0.000057816   -0.004477173   -0.005021368
    -0.000154818   -0.000254053   -0.000145561
     0.000000015   -0.000000040   -0.000000001   -0.000000008   -0.000566651
    -0.000000002   -0.000000001   -0.000545020    0.000000015    0.000000004
    -0.000059816   -0.000000003   -0.000000001   -0.000079182    0.000000002
     0.000000001    0.000000013    0.002259008   -0.000000063    0.000000035
    -0.003339712   -0.000000010   -0.001843081    0.000000051   -0.000000023
     0.002191952    0.000000006    0.000947365   -0.000000026    0.000000015
    -0.001404574   -0.000000001    0.000027594   -0.000000001   -0.000000002
     0.000202921   -0.000136572    0.000000001    0.000000000    0.000000000
    -0.000000014    0.000000000    0.000000000    0.000000008    0.000000009
     0.999951357    0.000000000    0.000000000   -0.002344800   -0.002884899
     0.000139897    0.000032733   -0.000074045    0.000233792    0.000101095
    -0.000023170    0.000011363    0.000009517    0.002344754    0.002884845
     0.000139894   -0.000032732    0.000074044   -0.000233715   -0.000101005
    -0.000023167   -0.000011359   -0.000009515
     0.000552481   -0.000261826    0.000836833   -0.000056288    0.000000001
     0.002438791   -0.001108628   -0.000000007    0.000214425   -0.000063049
     0.000000002    0.000631514   -0.000292858   -0.000000001    0.000005749
     0.000011339   -0.000119554    0.000000031   -0.000545108    0.000538088
     0.000000095    0.000078201   -0.000000026    0.000443755   -0.000353163
    -0.000000062   -0.000038615    0.000000013   -0.000235750    0.000226302
     0.000000040   -0.000022188    0.000000000   -0.000000251   -0.000032694
    -0.000000006    0.000000004    0.000022004   -0.000215848   -0.000186541
     0.000000000   -0.000000180    0.000024302    0.314611817   -0.269129406
     0.000000000    0.950844258   -0.201108410    0.000237084    0.000297792
    -0.000016666    0.000001609    0.000009092   -0.000469391   -0.000531319
     0.000029280   -0.000015950   -0.000014381    0.000237145    0.000297864
     0.000016669    0.000001608    0.000009094   -0.000469550   -0.000531504
    -0.000029286   -0.000015959   -0.000014386
     0.000365344   -0.000612583    0.000249182   -0.000108990   -0.000000003
     0.000896130    0.000214598    0.000000016   -0.000040679    0.000092097
    -0.000000003    0.000253008    0.000048000    0.000000002   -0.000016646
     0.000011100    0.000287436   -0.000000068    0.000314036   -0.000680720
    -0.000000056   -0.000234519    0.000000055   -0.000256635    0.000446777
     0.000000037    0.000129767   -0.000000028    0.000128663   -0.000286289
    -0.000000024   -0.000018303   -0.000000001    0.000006557    0.000041361
     0.000000003   -0.000000002   -0.000027837    0.000114426    0.000144081
     0.000000000    0.000000376   -0.000004780    0.037880535   -0.027845616
     0.000000000   -0.213316023   -0.976588318   -0.000557058   -0.000616043
     0.000035992    0.000011172   -0.000017777   -0.000030737    0.000042042
    -0.000005856   -0.000014272   -0.000001278   -0.000557053   -0.000616037
    -0.000035992    0.000011172   -0.000017777   -0.000030617    0.000042182
     0.000005860   -0.000014266   -0.000001274
     0.002863276   -0.008118279   -0.000490307   -0.001752760   -0.006045439
    -0.001964972    0.002602770    0.000476709    0.000158570    0.000117063
    -0.001744418   -0.000566974    0.000682340    0.000148853    0.000047450
     0.000085098   -0.000385270   -0.003012836   -0.000987533   -0.000222311
    -0.000160854    0.000239124    0.002460779    0.000806659    0.000145910
     0.000105573    0.000008535   -0.001244225   -0.000407273   -0.000093497
    -0.000067650   -0.000396157   -0.000054083   -0.000018223    0.000013508
     0.000009774   -0.000006578   -0.000009091   -0.003064667   -0.002911608
    -0.000000026   -0.000000008    0.000249026   -0.001688135   -0.001593418
     0.000000241    0.000134403   -0.000060318    1.236954940   -1.210922890
    -0.211180376   -0.068616664    0.074686400   -0.001650182   -0.001615103
     0.000069189   -0.000094818   -0.000055818   -0.004452490   -0.005045364
    -0.000285255    0.000067368   -0.000144072   -0.004466941   -0.005023938
    -0.000190030   -0.000220589   -0.000143962
    -0.000000014    0.000000039    0.000000001    0.000000007    0.000175106
    -0.000538916    0.000000001    0.000168409   -0.000518348   -0.000000004
     0.000018488   -0.000056888    0.000000001    0.000024464   -0.000075307
    -0.000000001   -0.000000012   -0.000698009    0.002148459    0.001963059
    -0.002701862    0.000000010    0.000569492   -0.001752887   -0.001288414
     0.001773313   -0.000000006   -0.000292724    0.000901004    0.000825599
    -0.001136315    0.000000001   -0.000008527    0.000026244   -0.000119276
     0.000164166   -0.000110488    0.000080276    0.000000000    0.000000000
     0.000000199   -0.000000597    0.000000000   -0.002344757   -0.002884848
    -0.000011907    0.000143162   -0.000074044   -0.000000015   -0.000000002
    -0.309001916    0.951010270    0.000000226    0.002344805    0.002884903
    -0.000074239    0.000123032    0.000074016    0.000233725    0.000101001
     0.000017932   -0.000018779    0.000009289   -0.000233810   -0.000101085
    -0.000003575   -0.000025714   -0.000009094
     0.000555845   -0.000271083    0.000836581   -0.000058045    0.002319505
     0.000753651   -0.001108823    0.000203291    0.000066021   -0.000062158
     0.000600739    0.000195191   -0.000293015    0.000005366    0.000001753
     0.000011501   -0.000116666   -0.000515659   -0.000167480   -0.000431635
    -0.000313534    0.000075831    0.000419777    0.000136338    0.000283295
     0.000205782   -0.000037258   -0.000223052   -0.000072452   -0.000181531
    -0.000131862   -0.000022527   -0.000000203   -0.000000060    0.000026226
     0.000019050   -0.000012821   -0.000017651   -0.000215786   -0.000186482
    -0.000000171   -0.000000001    0.000024297    0.000248903    0.000297061
     0.000006680   -0.000019153    0.000011041    0.314611210   -0.269130107
     0.904306665    0.293827047   -0.201108427    0.000250317    0.000295852
    -0.000003505    0.000016189    0.000009313   -0.000468880   -0.000532745
    -0.000027123    0.000023862   -0.000015039   -0.000469370   -0.000532545
    -0.000007243   -0.000034319   -0.000014795
     0.000362278   -0.000604144    0.000249410   -0.000107391    0.000852165
     0.000276882    0.000214803   -0.000038065   -0.000012359    0.000091277
     0.000240487    0.000078138    0.000048152   -0.000015733   -0.000005114
     0.000010953    0.000284768    0.000295971    0.000096142    0.000547682
     0.000397874   -0.000232331   -0.000241876   -0.000078570   -0.000359460
    -0.000261137    0.000128515    0.000121238    0.000039384    0.000230337
     0.000167333   -0.000017995    0.000006201    0.000002013   -0.000033277
    -0.000024175    0.000016270    0.000022396    0.000114336    0.000143994
     0.000000358    0.000000284   -0.000004772   -0.000561754   -0.000620945
    -0.000000497    0.000037208   -0.000017444    0.037880649   -0.027845486
    -0.202875670   -0.065918058   -0.976588315   -0.000561740   -0.000620969
     0.000021515   -0.000030215   -0.000017987   -0.000030366    0.000042451
    -0.000011586   -0.000009794   -0.000001658   -0.000030309    0.000042526
    -0.000015452    0.000001307   -0.000001507
     0.002866013   -0.008125811   -0.000490513   -0.001754190   -0.003737369
     0.005143375    0.002602624    0.000300340   -0.000409849    0.000117784
    -0.001078274    0.001484000    0.000682216    0.000090309   -0.000125310
     0.000085229   -0.000382936   -0.001874114    0.002571872    0.000090107
     0.000264939    0.000237209    0.001530846   -0.002100719   -0.000059140
    -0.000173888    0.000009633   -0.000772989    0.001061367    0.000037896
     0.000111425   -0.000396433   -0.000034514    0.000046841   -0.000005475
    -0.000016098    0.000010834    0.000003685   -0.003064627   -0.002911570
    -0.000000016    0.000000023    0.000249023   -0.004417476   -0.005057305
    -0.000024079    0.000287032   -0.000142254   -0.001708946   -0.001581198
     0.000125226    0.000040434   -0.000060132    1.236955314   -1.210922464
    -0.130516664    0.179640776    0.074686412   -0.004429089   -0.005053197
    -0.000267152    0.000112121   -0.000142860   -0.001676964   -0.001596679
    -0.000074279   -0.000102649   -0.000058411
     0.000000004   -0.000000012    0.000000000   -0.000000002   -0.000458427
    -0.000333068    0.000000000   -0.000440939   -0.000320350    0.000000001
    -0.000048391   -0.000035162    0.000000000   -0.000064058   -0.000046535
     0.000000000    0.000000004    0.001827601    0.001327762   -0.003176209
     0.001032034   -0.000000003   -0.001491104   -0.001083296    0.002084641
    -0.000677354    0.000000002    0.000766444    0.000556824   -0.001335810
     0.000434040    0.000000000    0.000022326    0.000016221    0.000192987
    -0.000062707    0.000042203   -0.000129885    0.000000000    0.000000000
    -0.000000510   -0.000000373    0.000000000    0.000233791    0.000101062
    -0.000012571   -0.000022910    0.000009064   -0.002344808   -0.002884897
     0.000132556    0.000055425   -0.000073906    0.000000026    0.000000057
     0.808977687    0.587756598    0.000000367   -0.000233822   -0.000101087
    -0.000025656   -0.000004718   -0.000008926    0.002344813    0.002884887
     0.000093908    0.000108832    0.000073679
     0.000555526   -0.000270207    0.000836603   -0.000057881    0.001433426
    -0.001973096   -0.001108775    0.000126222   -0.000172929   -0.000062251
     0.000371133   -0.000511021   -0.000292992    0.000003438   -0.000004565
     0.000011485   -0.000116974   -0.000321356    0.000438644    0.000165220
     0.000508396    0.000076083    0.000261606   -0.000357081   -0.000108439
    -0.000333675   -0.000037400   -0.000138979    0.000189739    0.000069486
     0.000213815   -0.000022496   -0.000000150    0.000000173   -0.000010039
    -0.000030890    0.000020790    0.000006756   -0.000215825   -0.000186519
    -0.000000108    0.000000154    0.000024300   -0.000467836   -0.000533547
     0.000014312    0.000036191   -0.000015674    0.000252364    0.000289243
    -0.000019019   -0.000013203    0.000010895    0.314611136   -0.269130190
     0.558892258   -0.769249200   -0.201108431   -0.000461302   -0.000537721
    -0.000035962   -0.000003364   -0.000014878    0.000249118    0.000296480
     0.000016083    0.000010773    0.000009947
     0.000363783   -0.000608287    0.000249297   -0.000108176    0.000526798
    -0.000724862    0.000214703   -0.000024323    0.000032192    0.000091680
     0.000148807   -0.000204529    0.000048078   -0.000009854    0.000013355
     0.000011025    0.000286078    0.000186391   -0.000250957   -0.000211278
    -0.000645086   -0.000233406   -0.000152319    0.000205090    0.000138668
     0.000423389    0.000129129    0.000076383   -0.000102792   -0.000088857
    -0.000271302   -0.000018146    0.000003876   -0.000005264    0.000012837
     0.000039196   -0.000026380   -0.000008640    0.000114380    0.000144037
     0.000000679   -0.000000333   -0.000004776   -0.000030824    0.000041886
    -0.000012663    0.000007940   -0.000002067   -0.000557474   -0.000615937
     0.000035033    0.000011874   -0.000017064    0.037880591   -0.027845554
    -0.125383711    0.172576510   -0.976588317   -0.000030141    0.000042698
    -0.000003513    0.000014912   -0.000001802   -0.000561707   -0.000620904
    -0.000021949   -0.000030002   -0.000017593
     0.002862916   -0.008117290   -0.000490280   -0.001752572    0.006045433
    -0.001964960    0.002602794   -0.000476668    0.000158495    0.000116967
     0.001744409   -0.000566958    0.000682358   -0.000148847    0.000047438
     0.000085080   -0.000385583    0.003012661   -0.000987205   -0.000222204
     0.000160553    0.000239380   -0.002460637    0.000806392    0.000145839
    -0.000105376    0.000008388    0.001244152   -0.000407136   -0.000093452
     0.000067524   -0.000396121    0.000054081   -0.000018219    0.000013501
    -0.000009755    0.000006566   -0.000009087   -0.003064678   -0.002911618
     0.000000026   -0.000000008    0.000249027   -0.001688095   -0.001593370
    -0.000000241    0.000134401   -0.000060316   -0.004452637   -0.005045534
     0.000285264    0.000067371   -0.000144077   -0.004467493   -0.005024582
     0.000190051   -0.000220617   -0.000143980    1.236954661   -1.210923215
     0.211180359   -0.068616659    0.074686391   -0.001650190   -0.001615113
    -0.000069189   -0.000094818   -0.000055818
    -0.000000004    0.000000011    0.000000000    0.000000002   -0.000175101
    -0.000538917    0.000000000   -0.000168436   -0.000518342   -0.000000001
    -0.000018482   -0.000056889    0.000000000   -0.000024468   -0.000075305
     0.000000000   -0.000000003    0.000698124    0.002148430    0.001963071
     0.002701910    0.000000003   -0.000569586   -0.001752863   -0.001288422
    -0.001773344   -0.000000002    0.000292773    0.000900992    0.000825604
     0.001136335    0.000000000    0.000008529    0.000026244   -0.000119277
    -0.000164169    0.000110490    0.000080276    0.000000000    0.000000000
    -0.000000199   -0.000000597    0.000000000   -0.002344754   -0.002884845
     0.000011907    0.000143162   -0.000074044    0.000233745    0.000101024
    -0.000017933   -0.000018779    0.000009289   -0.000233725   -0.000100986
     0.000003572   -0.000025709   -0.000009091   -0.000000049   -0.000000041
     0.309001914    0.951010270    0.000000225    0.002344758    0.002884848
     0.000074238    0.000123030    0.000074015
     0.000554706   -0.000267949    0.000836667   -0.000057451   -0.002319437
     0.000753731   -0.001108747   -0.000203698    0.000065543   -0.000062463
    -0.000600649    0.000195297   -0.000292959   -0.000005431    0.000001677
     0.000011446   -0.000117657    0.000517424   -0.000165409   -0.000432115
     0.000315346    0.000076644   -0.000421217    0.000134648    0.000283610
    -0.000206971   -0.000037723    0.000223791   -0.000071585   -0.000181734
     0.000132624   -0.000022413    0.000000226   -0.000000033    0.000026255
    -0.000019160    0.000012896   -0.000017671   -0.000215820   -0.000186514
     0.000000171   -0.000000001    0.000024300    0.000248841    0.000296989
    -0.000006680   -0.000019149    0.000011039   -0.000468987   -0.000532869
     0.000027129    0.000023864   -0.000015043   -0.000469006   -0.000532120
     0.000007229   -0.000034300   -0.000014783    0.314611302   -0.269130000
    -0.904306660    0.293827045   -0.201108424    0.000247033    0.000292023
     0.000003382    0.000016020    0.000009208
     0.000363800   -0.000608334    0.000249296   -0.000108185   -0.000852256
     0.000276777    0.000214702    0.000038609   -0.000011728    0.000091684
    -0.000240608    0.000077998    0.000048077    0.000015820   -0.000005013
     0.000011026    0.000286093   -0.000298326    0.000093409    0.000548297
    -0.000400205   -0.000233418    0.000243797   -0.000076340   -0.000359863
     0.000262666    0.000129136   -0.000122224    0.000038240    0.000230596
    -0.000168313   -0.000018148   -0.000006232    0.000001978   -0.000033315
     0.000024317   -0.000016366    0.000022422    0.000114381    0.000144037
    -0.000000358    0.000000284   -0.000004776   -0.000561677   -0.000620857
     0.000000497    0.000037203   -0.000017441   -0.000030241    0.000042595
     0.000011578   -0.000009796   -0.000001654   -0.000030746    0.000042017
     0.000015468    0.000001285   -0.000001521    0.037880590   -0.027845554
     0.202875666   -0.065918056   -0.976588317   -0.000557440   -0.000615955
    -0.000021354   -0.000029993   -0.000017850
     0.002865611   -0.008124707   -0.000490483   -0.001753981    0.003737357
     0.005143364    0.002602651   -0.000300267   -0.000409783    0.000117677
     0.001078258    0.001483985    0.000682236   -0.000090298   -0.000125299
     0.000085209   -0.000383285    0.001873796    0.002571584    0.000090746
    -0.000264661    0.000237495   -0.001530586   -0.002100484   -0.000059559
     0.000173705    0.000009469    0.000772856    0.001061246    0.000038165
    -0.000111308   -0.000396393    0.000034510    0.000046837   -0.000005514
     0.000016081   -0.000010823    0.000003711   -0.003064639   -0.002911582
     0.000000016    0.000000023    0.000249024   -0.004417309   -0.005057110
     0.000024079    0.000287021   -0.000142249   -0.004430013   -0.005054274
     0.000267208    0.000112140   -0.000142889   -0.001676788   -0.001596474
     0.000074272   -0.000102640   -0.000058405   -0.001709342   -0.001581660
    -0.000125250    0.000040442   -0.000060145    1.236955236   -1.210922555
     0.130516661    0.179640772    0.074686410
     0.000000021   -0.000000057   -0.000000001   -0.000000011   -0.000458430
     0.000333064   -0.000000001   -0.000440925    0.000320372    0.000000006
    -0.000048394    0.000035158   -0.000000001   -0.000064055    0.000046538
     0.000000001    0.000000018    0.001827539   -0.001327854    0.003176257
     0.001032028   -0.000000015   -0.001491054    0.001083371   -0.002084672
    -0.000677351    0.000000008    0.000766418   -0.000556862    0.001335830
     0.000434038   -0.000000002    0.000022325   -0.000016222   -0.000192990
    -0.000062706    0.000042203    0.000129887    0.000000001    0.000000001
    -0.000000510    0.000000373    0.000000000   -0.000233781   -0.000101050
    -0.000012571    0.000022909   -0.000009064    0.000233769    0.000101025
    -0.000025652    0.000004719    0.000008924   -0.002344775   -0.002884843
     0.000093906   -0.000108830   -0.000073678    0.002344801    0.002884889
     0.000132555   -0.000055425    0.000073905    0.000000051    0.000000034
     0.808977690   -0.587756594   -0.000000365
     0.000555496   -0.000270123    0.000836605   -0.000057865   -0.001433586
    -0.001972982   -0.001108773   -0.000125262   -0.000173610   -0.000062259
    -0.000371346   -0.000510871   -0.000292990   -0.000003285   -0.000004673
     0.000011483   -0.000117001    0.000317199    0.000441594    0.000162907
    -0.000509205    0.000076105   -0.000258214   -0.000359489   -0.000106921
     0.000334206   -0.000037413    0.000137239    0.000190973    0.000068513
    -0.000214155   -0.000022493    0.000000096    0.000000211   -0.000009898
     0.000030939   -0.000020823    0.000006662   -0.000215826   -0.000186520
     0.000000108    0.000000154    0.000024300   -0.000468376   -0.000534175
    -0.000014313    0.000036226   -0.000015692   -0.000460808   -0.000537147
     0.000035932   -0.000003373   -0.000014862    0.000245786    0.000292594
    -0.000015959    0.000010601    0.000009841    0.000255608    0.000293028
     0.000019215   -0.000013266    0.000010998    0.314611189   -0.269130129
    -0.558892256   -0.769249197   -0.201108429
     0.000363825   -0.000608404    0.000249294   -0.000108198   -0.000526591
    -0.000725011    0.000214700    0.000023089    0.000033080    0.000091691
    -0.000148533   -0.000204726    0.000048075    0.000009658    0.000013496
     0.000011027    0.000286115   -0.000181045   -0.000254803   -0.000208267
     0.000646077   -0.000233436    0.000147957    0.000208228    0.000136692
    -0.000424040    0.000129147   -0.000074146   -0.000104402   -0.000087590
     0.000271719   -0.000018151   -0.000003807   -0.000005314    0.000012654
    -0.000039256    0.000026420   -0.000008517    0.000114381    0.000144038
    -0.000000679   -0.000000333   -0.000004776   -0.000030122    0.000042703
     0.000012663    0.000007895   -0.000002044   -0.000030783    0.000041953
     0.000003552    0.000014924   -0.000001823   -0.000557431   -0.000615916
     0.000021789   -0.000029782   -0.000017456   -0.000561699   -0.000620866
    -0.000035289    0.000011957   -0.000017199    0.037880590   -0.027845554
     0.125383711    0.172576510   -0.976588317
     2.002536446    2.009175009    2.009173130    2.004910394    3.091745740
     3.123773615    3.123761216    3.123760787    3.123761210    3.123760801
     0.057113532    0.055791684    0.051118576    0.053359737    0.053513842
     0.053459064    0.178943003    0.162705103    0.162699807    0.000278336
     0.008513454    0.030609293    0.195874598    0.017242845    0.000147330
     0.048989841    0.041244251    0.009064692    0.000490705    0.002701159
     0.000566986    0.002367234    0.015609425    0.007430338    0.000573323
     0.052926418    0.053305196    0.006806537    0.406646639    0.297678284
     0.021876310    0.021560265    0.018053405    0.018053404    0.144522537
     0.128932916    0.010248319    0.010248342    0.343798506    0.083153018
     0.118475297    0.025225882    0.343812618    0.083153066    0.118475454
     0.025226330    0.343827766    0.083153114    0.118477176    0.025226116
     0.343812856    0.083153061    0.118476214    0.025226097    0.343827978
     0.083153110    0.118477181    0.025226119
   1  1  1  1  1  1  1  1  1  1  1  1  1  1  1  1  1  1  1  1
   1  1  1  1  1  1  1  1  1  1  1  1  1  1  1  1  1  1  1  1
   1  1  1  1  1  1  1  1  1  1  1  1  1  1  1  1  1  1  1  1
   1  1  1  1  1  1  1  1
   1  1  1  1  2  2  2  2  2  2 22 22 22 22 22 22 21 21 21 21
  21 21 21 21 21 21 21 21 21 21 21 21 21 21 21 21 21 21 21 21
  21 21 21 21 21 21 21 21 21 21 21 21 21 21 21 21 21 21 21 21
  21 21 21 21 21 21 21 21
 CR CR CR CR BD BD BD BD BD BD BD BD BD BD BD BD RY RY RY RY 
 RY RY RY RY RY RY RY RY RY RY RY RY RY RY RY RY RY RY RY RY 
 RY RY RY RY RY RY RY RY RY RY RY RY RY RY RY RY RY RY RY RY 
 RY RY RY RY RY RY RY RY 
                               *  *  *  *  *  *              
                                                             
                                                             
                         
   1  2  3  4  1  1  1  1  1  1  1  1  1  1  1  1  1  2  3  4
   5  6  7  8  9 10 11 12 13 14 15 16 17 18 19 20 21 22 23 24
  25 26 27 28  1  2  3  4  1  2  3  4  1  2  3  4  1  2  3  4
   1  2  3  4  1  2  3  4
   1  1  1  1  1  1  1  1  1  1  1  1  1  1  1  1  1  1  1  1
   1  1  1  1  1  1  1  1  1  1  1  1  1  1  1  1  1  1  1  1
   1  1  1  1  2  2  2  2  3  3  3  3  4  4  4  4  5  5  5  5
   6  6  6  6  7  7  7  7
   0  0  0  0  2  3  4  5  6  7  2  3  4  5  6  7  0  0  0  0
   0  0  0  0  0  0  0  0  0  0  0  0  0  0  0  0  0  0  0  0
   0  0  0  0  0  0  0  0  0  0  0  0  0  0  0  0  0  0  0  0
   0  0  0  0  0  0  0  0
   0  0  0  0  0  0  0  0  0  0  0  0  0  0  0  0  0  0  0  0
   0  0  0  0  0  0  0  0  0  0  0  0  0  0  0  0  0  0  0  0
   0  0  0  0  0  0  0  0  0  0  0  0  0  0  0  0  0  0  0  0
   0  0  0  0  0  0  0  0
   0  0  0  0  0  0  0  0  0  0  0  0  0  0  0  0  0  0  0  0
   0  0  0  0  0  0  0  0  0  0  0  0  0  0  0  0  0  0  0  0
   0  0  0  0  0  0  0  0  0  0  0  0  0  0  0  0  0  0  0  0
   0  0  0  0  0  0  0  0
   0  0  0  0  0  0  0  0  0  0  0  0  0  0  0  0  0  0  0  0
   0  0  0  0  0  0  0  0  0  0  0  0  0  0  0  0  0  0  0  0
   0  0  0  0  0  0  0  0  0  0  0  0  0  0  0  0  0  0  0  0
   0  0  0  0  0  0  0  0
   0  0  0  0  0  0  0  0  0  0  0  0  0  0  0  0  0  0  0  0
   0  0  0  0  0  0  0  0  0  0  0  0  0  0  0  0  0  0  0  0
   0  0  0  0  0  0  0  0  0  0  0  0  0  0  0  0  0  0  0  0
   0  0  0  0  0  0  0  0
   0  0  0  0  0  0  0  0  0  0  0  0  0  0  0  0  0  0  0  0
   0  0  0  0  0  0  0  0  0  0  0  0  0  0  0  0  0  0  0  0
   0  0  0  0  0  0  0  0  0  0  0  0  0  0  0  0  0  0  0  0
   0  0  0  0  0  0  0  0
   0  0  0  0  0  0  0  0  0  0  0  0  0  0  0  0  0  0  0  0
   0  0  0  0  0  0  0  0  0  0  0  0  0  0  0  0  0  0  0  0
   0  0  0  0  0  0  0  0  0  0  0  0  0  0  0  0  0  0  0  0
   0  0  0  0  0  0  0  0
   0  0  0  0  0  0  0  0  0  0  0  0  0  0  0  0  0  0  0  0
   0  0  0  0  0  0  0  0  0  0  0  0  0  0  0  0  0  0  0  0
   0  0  0  0  0  0  0  0  0  0  0  0  0  0  0  0  0  0  0  0
   0  0  0  0  0  0  0  0
  74  1  1  1  1  1  1
