 WH6...b3lyp/vdz
 NHOs in the AO basis:
 -------------------------------------------------------------------------------
     0.364668127   -0.010326267    0.658415209    0.000773312    0.000000000
     0.000000000    0.000000000    0.000000000    0.000000000    0.000000000
     0.000000000    0.000000000    0.000000000    0.000000000    0.000000000
     0.000000000    0.000000000    0.000000000    0.000000000    0.000000000
     0.000000000    0.000000000    0.000000000    0.000000000    0.000000000
     0.000000000    0.000000000    0.000000000    0.000000000    0.000000000
     0.000000000    0.000000000    0.000000000    0.000000000    0.000000000
     0.000000000    0.000000000    0.000000000    0.000000000    0.000000000
     0.000000000    0.000000000    0.000000000    0.000000000    0.000000000
     0.000000000    0.000000000    0.000000000    0.000000000    0.000000000
     0.000000000    0.000000000    0.000000000    0.000000000    0.000000000
     0.000000000    0.000000000    0.000000000    0.000000000    0.000000000
     0.000000000    0.000000000    0.000000000    0.000000000    0.000000000
     0.000000000    0.000000000    0.000000000
     0.000000000    0.000000000    0.000000000    0.000000000    0.878556400
     0.000000000    0.000000000    0.039404230    0.000000000    0.000000000
     0.237128026    0.000000000    0.000000000   -0.010710363    0.000000000
     0.000000000    0.000000000    0.000000000    0.000000000    0.000000000
     0.000000000    0.000000000    0.000000000    0.000000000    0.000000000
     0.000000000    0.000000000    0.000000000    0.000000000    0.000000000
     0.000000000    0.000000000    0.000000000    0.000000000    0.000000000
     0.000000000    0.000000000    0.000000000    0.000000000    0.000000000
     0.000000000    0.000000000    0.000000000    0.000000000    0.000000000
     0.000000000    0.000000000    0.000000000    0.000000000    0.000000000
     0.000000000    0.000000000    0.000000000    0.000000000    0.000000000
     0.000000000    0.000000000    0.000000000    0.000000000    0.000000000
     0.000000000    0.000000000    0.000000000    0.000000000    0.000000000
     0.000000000    0.000000000    0.000000000
     0.000000000    0.000000000    0.000000000    0.000000000    0.000000000
     0.878556400    0.000000000    0.000000000    0.039404230    0.000000000
     0.000000000    0.237128026    0.000000000    0.000000000   -0.010710363
     0.000000000    0.000000000    0.000000000    0.000000000    0.000000000
     0.000000000    0.000000000    0.000000000    0.000000000    0.000000000
     0.000000000    0.000000000    0.000000000    0.000000000    0.000000000
     0.000000000    0.000000000    0.000000000    0.000000000    0.000000000
     0.000000000    0.000000000    0.000000000    0.000000000    0.000000000
     0.000000000    0.000000000    0.000000000    0.000000000    0.000000000
     0.000000000    0.000000000    0.000000000    0.000000000    0.000000000
     0.000000000    0.000000000    0.000000000    0.000000000    0.000000000
     0.000000000    0.000000000    0.000000000    0.000000000    0.000000000
     0.000000000    0.000000000    0.000000000    0.000000000    0.000000000
     0.000000000    0.000000000    0.000000000
     0.000000000    0.000000000    0.000000000    0.000000000    0.000000000
     0.000000000    0.878556400    0.000000000    0.000000000    0.039404230
     0.000000000    0.000000000    0.237128026    0.000000000    0.000000000
    -0.010710363    0.000000000    0.000000000    0.000000000    0.000000000
     0.000000000    0.000000000    0.000000000    0.000000000    0.000000000
     0.000000000    0.000000000    0.000000000    0.000000000    0.000000000
     0.000000000    0.000000000    0.000000000    0.000000000    0.000000000
     0.000000000    0.000000000    0.000000000    0.000000000    0.000000000
     0.000000000    0.000000000    0.000000000    0.000000000    0.000000000
     0.000000000    0.000000000    0.000000000    0.000000000    0.000000000
     0.000000000    0.000000000    0.000000000    0.000000000    0.000000000
     0.000000000    0.000000000    0.000000000    0.000000000    0.000000000
     0.000000000    0.000000000    0.000000000    0.000000000    0.000000000
     0.000000000    0.000000000    0.000000000
    -0.092044183    0.793832587   -0.013829952    0.032799971    0.000000000
     0.000000000   -0.018018692    0.000000000    0.000000000    0.200317580
     0.000000000    0.000000000    0.008471580    0.000000000    0.000000000
     0.061549678    0.423380474    0.000000000    0.000000000    0.000000000
     0.000000000   -0.613581991    0.000000000    0.000000000    0.000000000
     0.000000000    0.149881422    0.000000000    0.000000000    0.000000000
     0.000000000    0.046970832    0.000000000    0.000000000    0.000000000
     0.000000000    0.000000000    0.000000000   -0.223361516   -0.346645542
     0.000000000    0.000000000    0.018472580   -0.068740690   -0.011142540
     0.000000000    0.002515636   -0.005267400   -0.068740690   -0.011142540
     0.002392512    0.000777374   -0.005267400   -0.068740690   -0.011142540
     0.001478654   -0.002035192   -0.005267400   -0.068740690   -0.011142540
    -0.002392512    0.000777374   -0.005267400   -0.068740690   -0.011142540
    -0.001478654   -0.002035192   -0.005267400
     0.053152732   -0.451062008   -0.131346688   -0.036385622    0.000000000
     0.000000000   -0.156188022    0.000000000    0.000000000   -0.002354177
     0.000000000    0.000000000   -0.043460745    0.000000000    0.000000000
     0.004749788   -0.126697090    0.000000000    0.000000000    0.000000000
     0.000000000    0.103631247    0.000000000    0.000000000    0.000000000
     0.000000000   -0.043622703    0.000000000    0.000000000    0.000000000
     0.000000000   -0.012821881    0.000000000    0.000000000    0.000000000
     0.000000000    0.000000000    0.000000000    0.772046071    0.567433480
     0.000000000    0.000000000   -0.049230549    0.046650404    0.034663073
     0.000000000   -0.001649584    0.000051921    0.046650404    0.034663073
    -0.001568847   -0.000509749    0.000051921    0.046650404    0.034663073
    -0.000969601    0.001334541    0.000051921    0.046650404    0.034663073
     0.001568847   -0.000509749    0.000051921    0.046650404    0.034663073
     0.000969601    0.001334541    0.000051921
    -0.074882884    0.752765830    0.003945989    0.070404214    0.000000000
     0.011296502   -0.021611194    0.000000000    0.187319837   -0.081215013
     0.000000000    0.006162293   -0.008118991    0.000000000    0.080922524
    -0.040361636   -0.101816206    0.000000000   -0.299500955   -0.284151608
     0.000000000    0.146865397    0.000000000    0.438923840    0.440132824
     0.000000000   -0.060982605    0.000000000   -0.130590801   -0.091978765
     0.000000000    0.020918133    0.000000000   -0.005696043    0.019020686
     0.000000000    0.000000000   -0.014596564   -0.077943735    0.003430513
     0.000000000   -0.003826922    0.004057296   -0.176766249   -0.362372964
     0.000000000    0.014736608   -0.005757524   -0.052478726   -0.110579274
     0.006959756    0.006438482   -0.005584090   -0.066825081    0.014271418
    -0.001136962   -0.005028261    0.003079906   -0.052478726   -0.110579274
    -0.006959756    0.006438482   -0.005584090   -0.066825081    0.014271418
     0.001136962   -0.005028261    0.003079906
     0.033637223   -0.350380427   -0.115718191   -0.028386176    0.000000000
    -0.153219750    0.071356666    0.000000000   -0.002650812    0.003973359
     0.000000000   -0.042022250    0.019473280    0.000000000    0.003138221
    -0.001429038    0.026197622    0.000000000    0.077837417    0.126330893
     0.000000000   -0.018299142    0.000000000   -0.062469638   -0.122193809
     0.000000000    0.010813006    0.000000000    0.027969967    0.035010377
     0.000000000   -0.006464134    0.000000000    0.001063126   -0.007435744
     0.000000000    0.000000000    0.006449011    0.045209558    0.030330329
     0.000000000   -0.000650612   -0.000708237    0.784581867    0.581402262
     0.000000000   -0.038832735    0.019015031   -0.058477185   -0.043108071
    -0.001597709    0.001186022    0.000150467    0.055379278    0.039368476
    -0.000247530    0.000780076    0.000817190   -0.058477185   -0.043108071
     0.001597709    0.001186022    0.000150467    0.055379278    0.039368476
     0.000247530    0.000780076    0.000817190
    -0.074882884    0.752765830    0.003945989    0.070404214    0.010743612
     0.003490811   -0.021611194    0.178151752    0.057885013   -0.081215013
     0.005860689    0.001904253   -0.008118991    0.076961895    0.025006435
    -0.040361636   -0.101816206   -0.284842335   -0.092550885    0.229883480
     0.167020125    0.146865397    0.417441379    0.135634926   -0.356074934
    -0.258703583   -0.060982605   -0.124199233   -0.040354777    0.074412384
     0.054063761    0.020918133   -0.005417259   -0.001760174   -0.015388059
    -0.011180079    0.008579645    0.011808869   -0.077943735    0.003430513
    -0.003639619   -0.001182584    0.004057296   -0.052478726   -0.110579274
     0.003972677    0.008608722   -0.005584090   -0.176766249   -0.362372965
     0.014015347    0.004553862   -0.005757525   -0.052478726   -0.110579274
     0.008274043   -0.004629521   -0.005584090   -0.066825081    0.014271419
    -0.004430819   -0.002635133    0.003079906   -0.066825081    0.014271419
    -0.005133501   -0.000472503    0.003079906
     0.033637223   -0.350380427   -0.115718191   -0.028386176   -0.145720642
    -0.047347507    0.071356666   -0.002521072   -0.000819146    0.003973359
    -0.039965534   -0.012985589    0.019473280    0.002984626    0.000969764
    -0.001429038    0.026197622    0.074027783    0.024053085   -0.102203839
    -0.074255436   -0.018299142   -0.059412157   -0.019304180    0.098856868
     0.071823719    0.010813006    0.026601020    0.008643195   -0.028323990
    -0.020578583   -0.006464134    0.001011093    0.000328524    0.006015643
     0.004370621   -0.003790633   -0.005217359    0.045209558    0.030330329
    -0.000618769   -0.000201050   -0.000708237   -0.058477185   -0.043108071
     0.001621693   -0.001153011    0.000150467    0.784581867    0.581402262
    -0.036932126   -0.011999975    0.019015031   -0.058477185   -0.043108071
     0.000634255    0.001886013    0.000150467    0.055379278    0.039368476
     0.000818387    0.000005642    0.000817190    0.055379278    0.039368476
     0.000665406    0.000476472    0.000817190
    -0.074882884    0.752765830    0.003945989    0.070404214    0.006639917
    -0.009139062   -0.021611194    0.110103838   -0.151544932   -0.081215013
     0.003622105   -0.004985400   -0.008118991    0.047565067   -0.065467698
    -0.040361636   -0.101816206   -0.176042244    0.242301362   -0.087807676
    -0.270244238    0.146865397    0.257992960   -0.355096846    0.136008522
     0.418591190   -0.060982605   -0.076759347    0.105650177   -0.028423001
    -0.087477004    0.020918133   -0.003348050    0.004608195    0.005877715
     0.018089748   -0.013882158   -0.004510586   -0.077943735    0.003430513
    -0.002249409    0.003096045    0.004057296   -0.066825081    0.014271418
    -0.003875359    0.003399659    0.003079906   -0.052478726   -0.110579274
     0.009415006   -0.001117999   -0.005584090   -0.176766249   -0.362372965
     0.008661961   -0.011922166   -0.005757524   -0.066825081    0.014271419
    -0.002035716    0.004736238    0.003079906   -0.052478726   -0.110579274
    -0.001846116   -0.009299683   -0.005584090
     0.033637223   -0.350380427   -0.115718191   -0.028386176   -0.090060309
     0.123957382    0.071356666   -0.001558108    0.002144552    0.003973359
    -0.024700059    0.033996714    0.019473280    0.001844600   -0.002538874
    -0.001429038    0.026197622    0.045751686   -0.062971793    0.039038393
     0.120147819   -0.018299142   -0.036718732    0.050538999   -0.037759964
    -0.116213219    0.010813006    0.016440334   -0.022628179    0.010818802
     0.033296847   -0.006464134    0.000624890   -0.000860087   -0.002297771
    -0.007071813    0.006133374    0.001992854    0.045209558    0.030330329
    -0.000382420    0.000526356   -0.000708237    0.055379278    0.039368476
     0.000258261   -0.000776589    0.000817190   -0.058477185   -0.043108071
    -0.000595448   -0.001898622    0.000150467    0.784581867    0.581402262
    -0.022825309    0.031416343    0.019015031    0.055379278    0.039368476
     0.000658773   -0.000485600    0.000817190   -0.058477185   -0.043108071
     0.001989700   -0.000020402    0.000150467
    -0.074882884    0.752765830    0.003945989    0.070404214   -0.010743612
     0.003490811   -0.021611194   -0.178151752    0.057885013   -0.081215013
    -0.005860689    0.001904253   -0.008118991   -0.076961895    0.025006435
    -0.040361636   -0.101816206    0.284842335   -0.092550885    0.229883480
    -0.167020125    0.146865397   -0.417441379    0.135634926   -0.356074934
     0.258703583   -0.060982605    0.124199233   -0.040354777    0.074412384
    -0.054063761    0.020918133    0.005417259   -0.001760174   -0.015388059
     0.011180079   -0.008579645    0.011808869   -0.077943735    0.003430513
     0.003639619   -0.001182584    0.004057296   -0.052478726   -0.110579274
    -0.003972677    0.008608722   -0.005584090   -0.066825081    0.014271419
     0.004430819   -0.002635133    0.003079906   -0.066825081    0.014271419
     0.005133501   -0.000472503    0.003079906   -0.176766249   -0.362372965
    -0.014015347    0.004553862   -0.005757525   -0.052478726   -0.110579274
    -0.008274043   -0.004629521   -0.005584090
     0.033637223   -0.350380427   -0.115718191   -0.028386176    0.145720642
    -0.047347507    0.071356666    0.002521072   -0.000819146    0.003973359
     0.039965534   -0.012985589    0.019473280   -0.002984626    0.000969764
    -0.001429038    0.026197622   -0.074027783    0.024053085   -0.102203839
     0.074255436   -0.018299142    0.059412157   -0.019304180    0.098856868
    -0.071823719    0.010813006   -0.026601020    0.008643195   -0.028323990
     0.020578583   -0.006464134   -0.001011093    0.000328524    0.006015643
    -0.004370621    0.003790633   -0.005217359    0.045209558    0.030330329
     0.000618769   -0.000201050   -0.000708237   -0.058477185   -0.043108071
    -0.001621693   -0.001153011    0.000150467    0.055379278    0.039368476
    -0.000818387    0.000005642    0.000817190    0.055379278    0.039368476
    -0.000665406    0.000476472    0.000817190    0.784581867    0.581402262
     0.036932126   -0.011999975    0.019015031   -0.058477185   -0.043108071
    -0.000634255    0.001886013    0.000150467
    -0.074882884    0.752765830    0.003945989    0.070404214   -0.006639917
    -0.009139062   -0.021611194   -0.110103838   -0.151544932   -0.081215013
    -0.003622105   -0.004985400   -0.008118991   -0.047565067   -0.065467698
    -0.040361636   -0.101816206    0.176042244    0.242301362   -0.087807676
     0.270244238    0.146865397   -0.257992960   -0.355096846    0.136008522
    -0.418591190   -0.060982605    0.076759347    0.105650177   -0.028423001
     0.087477004    0.020918133    0.003348050    0.004608195    0.005877715
    -0.018089748    0.013882158   -0.004510586   -0.077943735    0.003430513
     0.002249409    0.003096045    0.004057296   -0.066825081    0.014271418
     0.003875359    0.003399659    0.003079906   -0.066825081    0.014271419
     0.002035716    0.004736238    0.003079906   -0.052478726   -0.110579274
     0.001846116   -0.009299683   -0.005584090   -0.052478726   -0.110579274
    -0.009415006   -0.001117999   -0.005584090   -0.176766249   -0.362372965
    -0.008661961   -0.011922166   -0.005757524
     0.033637223   -0.350380427   -0.115718191   -0.028386176    0.090060309
     0.123957382    0.071356666    0.001558108    0.002144552    0.003973359
     0.024700059    0.033996714    0.019473280   -0.001844600   -0.002538874
    -0.001429038    0.026197622   -0.045751686   -0.062971793    0.039038393
    -0.120147819   -0.018299142    0.036718732    0.050538999   -0.037759964
     0.116213219    0.010813006   -0.016440334   -0.022628179    0.010818802
    -0.033296847   -0.006464134   -0.000624890   -0.000860087   -0.002297771
     0.007071813   -0.006133374    0.001992854    0.045209558    0.030330329
     0.000382420    0.000526356   -0.000708237    0.055379278    0.039368476
    -0.000258261   -0.000776589    0.000817190    0.055379278    0.039368476
    -0.000658773   -0.000485600    0.000817190   -0.058477185   -0.043108071
    -0.001989700   -0.000020402    0.000150467   -0.058477185   -0.043108071
     0.000595448   -0.001898622    0.000150467    0.784581867    0.581402262
     0.022825309    0.031416343    0.019015031
    -0.330613084   -0.575279142    0.265297665    0.209788659    0.000000000
     0.000000000   -0.358094985    0.000000000    0.000000000    0.692702670
    -0.000000001    0.000000000    0.263869296   -0.000000001    0.000000000
    -1.076936440   -0.268441901    0.000000000    0.000000000    0.000000000
     0.000000000   -0.279246994    0.000000000    0.000000000    0.000000000
     0.000000000   -0.402077763    0.000000000    0.000000000    0.000000000
     0.000000000   -0.536728057    0.000000000    0.000000000    0.000000000
     0.000000000    0.000000000    0.000000000   -0.332728695    1.041759466
     0.000000000    0.000000000   -0.198100733    0.288677678   -0.165567523
     0.000000000   -0.075053877   -0.012319768    0.288677678   -0.165567523
    -0.071380479   -0.023192924   -0.012319768    0.288677678   -0.165567523
    -0.044115562    0.060719862   -0.012319768    0.288677678   -0.165567523
     0.071380479   -0.023192923   -0.012319768    0.288677678   -0.165567523
     0.044115562    0.060719862   -0.012319768
     0.000000000    0.000000000    0.000000000    0.000000000    0.000000000
     0.362739085    0.000000000    0.000000000    0.109010336    0.000000000
     0.000000000   -0.252453277    0.000000000    0.000000000    1.847980046
     0.000000000    0.000000000    0.000000000    0.031058622    0.000000000
     0.000000000    0.000000000    0.000000000   -0.139903962    0.000000000
     0.000000000    0.000000000    0.000000000   -1.110221178    0.000000000
     0.000000000    0.000000000    0.000000000    0.367249635    0.000000000
     0.000000000    0.000000000    0.000000000    0.000000000    0.000000000
     0.000000000   -0.020384254    0.000000000    0.493742218   -1.592022776
     0.000000000    0.087246054    0.032809373    0.152574736   -0.491962094
     0.026721152    0.005006804    0.010138654   -0.399445845    1.287973482
    -0.043235732    0.055833456   -0.026543340    0.152574736   -0.491962093
    -0.026721152    0.005006804    0.010138654   -0.399445845    1.287973482
     0.043235732    0.055833456   -0.026543340
     0.000000000    0.000000000    0.000000000    0.000000000    0.362739084
     0.000000000    0.000000000    0.109010337    0.000000000    0.000000000
    -0.252453272    0.000000000    0.000000000    1.847980053    0.000000000
     0.000000000    0.000000000    0.031058623    0.000000000    0.000000000
     0.000000000    0.000000000   -0.139903961    0.000000000    0.000000000
     0.000000000    0.000000000   -1.110221182    0.000000000    0.000000000
     0.000000000    0.000000000    0.367249635    0.000000000    0.000000000
     0.000000000    0.000000000    0.000000000    0.000000000    0.000000000
    -0.020384254    0.000000000    0.000000000    0.000000000    0.000000000
    -0.003675424    0.000000000    0.000000000    0.469576755   -1.514103642
     0.078563826    0.026721152    0.031203567    0.290214395   -0.935767513
     0.027737174   -0.043235733    0.019284865   -0.469576755    1.514103643
     0.078563826   -0.026721152   -0.031203567   -0.290214395    0.935767514
     0.027737174    0.043235733   -0.019284865
     0.304025120    0.651499938   -0.121077824    1.473244196    0.000000000
     0.000000000   -0.086396033    0.000000000    0.000000000   -1.265462204
     0.000000000    0.000000000   -0.012289154    0.000000000    0.000000000
    -2.124930965    0.721492775    0.000000000    0.000000000    0.000000001
     0.000000000    0.618995026    0.000000000    0.000000000    0.000000000
     0.000000000   -1.410441172    0.000000000    0.000000000    0.000000000
     0.000000000    0.228268471    0.000000000    0.000000000   -0.000000001
     0.000000000    0.000000000    0.000000001   -0.703691610    2.685045017
     0.000000000    0.000000000   -0.032616244    0.135508994   -1.215594275
     0.000000000    0.106384804   -0.035312409    0.135508993   -1.215594277
     0.101177962    0.032874713   -0.035312410    0.135508993   -1.215594276
     0.062531419   -0.086067115   -0.035312409    0.135508993   -1.215594277
    -0.101177962    0.032874713   -0.035312409    0.135508993   -1.215594276
    -0.062531419   -0.086067115   -0.035312409
     0.000000000    0.000000001    0.000000000    0.000000000    0.485654557
     0.000000000    0.000000000    3.141776217    0.000000000   -0.000000002
    -1.727179298    0.000000000    0.000000001    0.168682451    0.000000000
    -0.000000001   -0.000000001   -0.574120026    0.000000000    0.000000000
    -0.006800415    0.000000000   -0.264136122    0.000000000    0.000000000
    -0.006212112    0.000000000   -0.716591022    0.000000000    0.000000000
    -0.006366084    0.000000000    0.039783511    0.000000000    0.000000000
     0.000265058   -0.000149456    0.000000000    0.000000000    0.000000001
    -0.008883295    0.000000000    0.000000000    0.000000000   -0.000000001
    -0.080181896    0.000000000    0.000000000   -0.275949251   -1.247445880
    -0.108133187   -0.008856739    0.074262793   -0.173777251   -0.776242236
    -0.090896882    0.014383553    0.045696673    0.275949250    1.247445879
    -0.108133187    0.008856739   -0.074262793    0.173777251    0.776242235
    -0.090896882   -0.014383553   -0.045696673
    -0.663663427    0.231310358    0.594015872    0.334816610    0.000000000
    -0.121412300   -0.013844031    0.000000000   -2.011769387   -0.550044707
     0.000000000    0.120996922    0.101999818    0.000000000   -1.836486639
    -0.145685635   -0.047802147    0.000000000    0.558222963    0.013657243
     0.000000000   -0.030111553    0.000000000    0.066445842    0.012475757
     0.000000000   -0.324841098    0.000000000    0.969005067    0.012784979
     0.000000000   -0.028716440    0.000000000    0.773561264   -0.000532314
     0.000000000    0.000000000    0.000300152    0.018610475    0.452791922
     0.000000000   -0.127662171   -0.022915829   -0.029065027    2.086765129
     0.000000000   -0.188946997    0.125454431   -0.052745300    0.506305236
    -0.077941254    0.021398504    0.046195498   -0.071088853   -2.018308060
     0.096938533   -0.087561503   -0.080810381   -0.052745300    0.506305236
     0.077941253    0.021398504    0.046195498   -0.071088853   -2.018308059
    -0.096938533   -0.087561503   -0.080810381
     0.210451130    0.186485229   -0.097660231    2.032923116    0.000000000
     0.033167857   -0.078648512    0.000000000   -0.519462844   -2.711586736
     0.000000000   -0.020475740    0.548576631    0.000000000   -0.090761806
    -0.738626620   -1.014150803    0.000000000    0.204318714    0.007943179
     0.000000000   -0.320069082    0.000000000    0.104464845    0.007256016
     0.000000000   -0.717603985    0.000000000    0.207972788    0.007435862
     0.000000000   -0.694765728    0.000000000   -0.177936266   -0.000309599
     0.000000000    0.000000000    0.000174571    0.778010194    1.517555618
     0.000000000    0.013722608   -0.292614276    0.075233740   -0.758401975
     0.000000000   -0.056048281   -0.046449418   -0.008185737   -0.978866332
    -0.032623210   -0.005288670   -0.039164668   -0.131545424   -1.316610426
     0.004939585   -0.001987808   -0.026657799   -0.008185737   -0.978866332
     0.032623210   -0.005288670   -0.039164669   -0.131545424   -1.316610426
    -0.004939585   -0.001987808   -0.026657798
    -0.276066024    0.103531470    0.248599332    0.164122064    0.000000000
     0.472520351   -0.008899239    0.000000000    3.199048405   -0.272778165
     0.000000000   -1.696471450    0.054471028    0.000000000    0.186519536
    -0.072733891   -0.022905063    0.000000000   -0.611210259    0.007045201
     0.000000000   -0.015774184    0.000000000   -0.286262125    0.006435723
     0.000000000   -0.163395905    0.000000000   -0.752798979    0.006595237
     0.000000000   -0.014185664    0.000000000    0.064636275   -0.000274597
     0.000000000    0.000000000    0.000154835    0.012788960    0.221722830
     0.000000000   -0.010180687   -0.009501364   -0.332446123   -1.449060955
     0.000000000   -0.108236678    0.083181741   -0.122271658   -0.517821877
    -0.011761774   -0.084084633    0.029009436    0.228100454    1.005784230
     0.007013636   -0.090360189   -0.058004685   -0.122271658   -0.517821877
     0.011761773   -0.084084633    0.029009435    0.228100454    1.005784231
    -0.007013635   -0.090360189   -0.058004685
     0.000000000    0.000000000    0.000000000    0.000000000   -0.143882916
     0.000000000    0.000000000   -1.191094519    0.000000000   -0.000000001
     0.128060181    0.000000000    0.000000000   -1.503203312    0.000000000
     0.000000000    0.000000000    0.275457791    0.000000000    0.000000000
     0.048318120    0.000000000   -0.043418238    0.000000000    0.000000000
     0.044138126    0.000000000    0.629933824    0.000000000    0.000000000
     0.045232128    0.000000000    0.887967397    0.000000000    0.000000000
    -0.001883280    0.001061912    0.000000000    0.000000000    0.000000000
    -0.128781554    0.000000000    0.000000000    0.000000000    0.000000000
     0.033958430    0.000000000    0.000000000   -0.107005642    1.548178585
    -0.100656366   -0.045338983    0.106991124   -0.043174644    0.994330098
    -0.017185997    0.072983093    0.067547013    0.107005642   -1.548178585
    -0.100656366    0.045338983   -0.106991124    0.043174644   -0.994330099
    -0.017185997   -0.072983093   -0.067547013
    -2.383600766    0.736180646    2.093789952    0.199600588    0.000000000
     0.063337482   -0.024588855    0.000000000   -0.934745539   -0.688697349
     0.000000000   -0.036721842    0.127548369    0.000000000   -0.169962544
    -0.174403541    0.367578606    0.000000000    0.342486464    0.051043686
     0.000000000    0.050073589    0.000000000    0.158295806    0.046627905
     0.000000000   -0.900786960    0.000000000    0.350396498    0.047783617
     0.000000000    0.264518623    0.000000000   -0.361628016   -0.001989514
     0.000000000    0.000000000    0.001121813   -0.326435619    0.936692842
     0.000000000    0.029926833    0.080584027    0.040204897    0.416426806
     0.000000000   -0.096421904    0.037642580   -0.128644855   -0.019845791
    -0.052420542   -0.007635310    0.051856632   -0.327204775   -0.603816117
     0.011764644   -0.010010509    0.079481592   -0.128644855   -0.019845791
     0.052420542   -0.007635310    0.051856632   -0.327204775   -0.603816117
    -0.011764644   -0.010010509    0.079481592
     1.260526428   -0.957093169   -1.167601877    2.560601817    0.000000000
     0.036347239    0.076791884    0.000000000   -0.432424795    1.331586111
     0.000000000   -0.091195368   -0.439819059    0.000000000   -0.241347262
     0.676203516    0.027125806    0.000000000    0.188478033   -0.004332188
     0.000000000   -0.039810953    0.000000000    0.081335145   -0.003957411
     0.000000000    0.914830925    0.000000000    0.224654140   -0.004055499
     0.000000000    0.327402675    0.000000000   -0.041226849    0.000168854
     0.000000000    0.000000000   -0.000095211   -0.020393959   -2.363716695
     0.000000000   -0.004572730    0.134948368    0.190335500    0.261649236
     0.000000000    0.036101459   -0.042414690    0.141378030   -0.003644889
     0.064331334    0.025539197   -0.047960897    0.055827921   -0.443248568
     0.074509833   -0.097644441   -0.057327481    0.141378030   -0.003644890
    -0.064331334    0.025539197   -0.047960897    0.055827921   -0.443248568
    -0.074509832   -0.097644441   -0.057327481
     0.000000000    0.000000000    0.000000000    0.000000000   -0.000933252
     0.000000000    0.000000000    0.361818740    0.000000000    0.000000000
     0.006215265    0.000000000    0.000000000    0.243007128    0.000000000
     0.000000000    0.000000000   -0.110986988    0.000000000    0.000000000
     1.302743881    0.000000000   -0.024952350    0.000000000    0.000000000
     0.918533054    0.000000000   -0.159530153    0.000000000    0.000000000
     0.153966822    0.000000000   -0.023171799    0.000000000    0.000000000
    -0.003702053    0.052617929    0.000000000    0.000000000    0.000000000
     0.009036210    0.000000000    0.000000000    0.000000000    0.000000000
    -0.067892387    0.000000000    0.000000000   -0.291751105   -0.343450692
     0.072179560   -0.027257830   -0.043301857    0.407541621   -0.177453419
    -0.006170430    0.032791290    0.050165818    0.291751105    0.343450692
     0.072179560    0.027257830    0.043301857   -0.407541621    0.177453419
    -0.006170430   -0.032791290   -0.050165818
     0.000000000    0.000000000    0.000000000    0.000000000   -0.001839733
     0.000000000    0.000000000   -0.077945006    0.000000000    0.000000000
     0.002851158    0.000000000    0.000000000   -0.058397743    0.000000000
     0.000000000    0.000000000    0.019998605    0.000000000    0.000000000
     1.328225108    0.000000000    0.001239628    0.000000000    0.000000000
     0.321044781    0.000000000    0.032441007    0.000000000    0.000000000
    -1.943075021    0.000000000    0.010186223    0.000000000    0.000000000
    -0.239561442    0.127203496    0.000000000    0.000000000    0.000000000
    -0.002483792    0.000000000    0.000000000    0.000000000    0.000000000
    -0.138550243    0.000000000    0.000000000   -0.265687222    0.889472637
     0.114313590   -0.082402851   -0.075257344    0.437414129   -1.273576108
    -0.051392046    0.146306031    0.126868510    0.265687222   -0.889472637
     0.114313590    0.082402851    0.075257344   -0.437414129    1.273576108
    -0.051392046   -0.146306031   -0.126868510
     0.000000000    0.000000000    0.000000000    0.000000000    0.022441352
     0.000000000    0.000000000    0.796965259    0.000000000    0.000000000
    -0.201581643    0.000000000    0.000000000    0.831786539    0.000000000
     0.000000000    0.000000000    1.006607909    0.000000000    0.000000000
    -0.011301945    0.000000000    0.826847310    0.000000000    0.000000000
    -0.011860160    0.000000000   -0.432793874    0.000000000    0.000000000
    -0.016065229    0.000000000    0.329711378    0.000000000    0.000000000
     0.000117252   -0.000079672    0.000000000    0.000000000    0.000000000
    -0.089221125    0.000000000    0.000000000    0.000000000    0.000000000
     0.031262707    0.000000000    0.000000000    0.309092119   -0.953974954
    -0.014569760   -0.014725189    0.012086284    0.185608520   -0.603274395
     0.013663021    0.023954193    0.007368041   -0.309092119    0.953974954
    -0.014569760    0.014725189   -0.012086284   -0.185608520    0.603274396
     0.013663021   -0.023954193   -0.007368041
     0.000000000    0.000000000    0.000000000    0.000000000    0.038482367
     0.000000000    0.000000000    0.631251712    0.000000001    0.000000000
    -0.226683536    0.000000000    0.000000000    0.020153943    0.000000000
     0.000000000    0.000000000    1.308379323    0.000000000    0.000000000
     0.009889653    0.000000000    0.372190740    0.000000000    0.000000000
     0.009034101    0.000000000   -1.528732801    0.000000000    0.000000000
     0.009258019    0.000000000   -0.240857257    0.000000000    0.000000000
    -0.000385466    0.000217350    0.000000000    0.000000000    0.000000000
    -0.091653275    0.000000000    0.000000000    0.000000000   -0.000000001
     0.070892935    0.000000000    0.000000000    0.210021856   -0.586011692
    -0.172524302   -0.079418536   -0.030903603    0.134499740   -0.354499084
    -0.022028125    0.128424743   -0.018808249   -0.210021856    0.586011692
    -0.172524302    0.079418536    0.030903603   -0.134499740    0.354499084
    -0.022028125   -0.128424743    0.018808249
     0.178104798   -0.040649141   -0.153391101    0.101964567    0.000000000
    -0.026432028   -0.009613862    0.000000000   -0.825888555   -0.049117824
     0.000000000    0.215928460    0.022475862    0.000000000   -0.832940464
    -0.007488147   -0.002687408    0.000000000   -0.996196552    0.003170384
     0.000000000   -0.009290935    0.000000000   -0.821857791    0.002896115
     0.000000000   -0.036576583    0.000000000    0.437222878    0.002967898
     0.000000000    0.003885201    0.000000000   -0.330825627   -0.000123571
     0.000000000    0.000000000    0.000069677    0.018736754   -0.003091323
     0.000000000    0.089040023    0.008488890   -0.307237469    0.984302025
     0.000000000    0.024953876   -0.015396823   -0.089394938    0.275541868
     0.019771282   -0.023714332   -0.006253778    0.267717954   -0.863682716
    -0.020657260   -0.001905820    0.008827315   -0.089394938    0.275541868
    -0.019771282   -0.023714332   -0.006253778    0.267717954   -0.863682716
     0.020657260   -0.001905820    0.008827315
    -0.356094843    0.088999104    0.315278911    0.339144596    0.000000000
    -0.087141789   -0.002017046    0.000000000    0.002406377   -0.243004215
     0.000000000    0.338606807    0.031029424    0.000000000    0.327561050
    -0.045764636   -0.026758332    0.000000000   -1.483061806    0.007427085
     0.000000000   -0.018955169    0.000000000   -0.445472149    0.006784569
     0.000000000   -0.134403188    0.000000000    1.148543237    0.006952731
     0.000000000    0.001776097    0.000000000    0.300673746   -0.000289484
     0.000000000    0.000000000    0.000163229    0.006695961    0.131040605
     0.000000000    0.091052314   -0.007177773   -0.333375158   -0.077707715
     0.000000000    0.250720186    0.024741453   -0.125438898   -0.107750561
     0.092733392   -0.043336109    0.010287955    0.221870180   -0.138619025
    -0.158864888    0.144723945   -0.012425172   -0.125438898   -0.107750561
    -0.092733392   -0.043336109    0.010287955    0.221870180   -0.138619025
     0.158864888    0.144723945   -0.012425173
    -0.293361331    0.070999667    0.257154765    0.116333865    0.000000000
    -0.012105705    0.004716166    0.000000000    0.186302189   -0.097730370
     0.000000000    0.027222289    0.002750429    0.000000000    0.097757048
    -0.019463410   -0.012395347    0.000000000   -0.038150500   -1.377417082
     0.000000000   -0.004345382    0.000000000   -0.020153514   -0.933630394
     0.000000000   -0.048403923    0.000000000   -0.126331908   -0.047332904
     0.000000000   -0.001402827    0.000000000    0.007745276    0.032070646
     0.000000000    0.000000000   -0.060893386   -0.007743979    0.070460084
     0.000000000   -0.000357859   -0.008854523   -0.518068085   -0.159781162
     0.000000000    0.070207899   -0.067346286    0.356973759   -0.127768541
    -0.036027313   -0.055645080    0.055895419   -0.149553626    0.115967524
     0.056262846    0.037235137   -0.013787726    0.356973759   -0.127768541
     0.036027313   -0.055645080    0.055895419   -0.149553626    0.115967524
    -0.056262846    0.037235137   -0.013787726
    -0.094016149    0.022396851    0.082015520    0.012191070    0.000000000
     0.000129522    0.002492831    0.000000000    0.001339114   -0.015553872
     0.000000000    0.000060032   -0.002628838    0.000000000   -0.000156890
    -0.003431100   -0.002487709    0.000000000   -0.002008238    1.250576421
     0.000000000    0.000341643    0.000000000   -0.002016185    0.268530374
     0.000000000   -0.005922699    0.000000000   -0.001939107   -1.949994524
     0.000000000   -0.000890589    0.000000000   -0.001980171   -0.232658864
     0.000000000    0.000000000    0.123473959   -0.004522222    0.016811409
     0.000000000    0.000272637   -0.003290278    0.423156318   -1.391981698
     0.000000000   -0.149999703    0.128955977   -0.354442701    1.119971709
     0.087332084    0.112171312   -0.102586550    0.127287441   -0.431318193
    -0.132506743   -0.037217889    0.040812255   -0.354442701    1.119971709
    -0.087332084    0.112171312   -0.102586550    0.127287441   -0.431318193
     0.132506743   -0.037217889    0.040812255
    -0.681225391   -1.152053889    0.413231458   -0.740416121    0.000000000
     0.001167953    0.098024624    0.000000000    0.012075329    1.791389245
     0.000000000    0.000541332   -0.075307563    0.000000000   -0.001414738
     1.385618732    1.013377282    0.000000000   -0.018109088    0.019318240
     0.000000000    0.610113574    0.000000000   -0.018180752    0.017647022
     0.000000000    1.324937302    0.000000000   -0.017485711    0.018084419
     0.000000000   -0.650121119    0.000000000   -0.017855999   -0.000752961
     0.000000000    0.000000000    0.000424566   -0.207955701   -2.072002808
     0.000000000    0.002458475    0.030929132    0.194966709    1.001382029
     0.000000000   -0.152925093    0.104977997    0.186960349    0.985513614
    -0.144824663   -0.047264844    0.105395350    0.202256187    1.005985543
    -0.090624524    0.123308725    0.107821471    0.186960349    0.985513614
     0.144824662   -0.047264844    0.105395349    0.202256188    1.005985543
     0.090624524    0.123308725    0.107821471
     0.431068680    0.027418485   -0.378627001    0.352773269    0.000000000
     0.014148875   -0.493137146    0.000000000   -0.229941272   -1.372799420
     0.000000000   -0.033102399    1.557436383    0.000000000   -0.117509809
     0.417909415    0.383324054    0.000000000    0.053432709   -0.027124703
    -0.000000001    0.153265906    0.000000000    0.031722639   -0.022181034
     0.000000000   -0.219411254    0.000000000    0.159696955   -0.016117560
     0.000000000    0.347731720    0.000000000   -0.002109031    0.001603831
     0.000000001   -0.000000001   -0.000881416   -0.137474050    0.053971468
     0.000000001   -0.000565486    0.321460188    0.009017849    0.048369864
     0.000000000   -0.049855100    0.070378604    0.006243708   -0.078377910
    -0.038181622   -0.012721489    0.068025843   -0.037647092   -0.322687357
    -0.011329110    0.017653709    0.060557878    0.006243708   -0.078377912
     0.038181621   -0.012721489    0.068025843   -0.037647091   -0.322687356
     0.011329111    0.017653710    0.060557878
    -1.434046045    0.826693272    1.292862732   -0.136208305    0.000000000
     0.001532913   -0.015234759    0.000000000    0.015848601    0.100858570
     0.000000000    0.000710485    0.008216853    0.000000000   -0.001856812
    -0.180146875   -1.078024487    0.000000000   -0.023767775    0.025354760
     0.000000000   -0.263989666    0.000000000   -0.023861832    0.023161324
     0.000000000    1.207092662    0.000000000   -0.022949606    0.023735397
     0.000000000    0.362923407    0.000000000   -0.023435601   -0.000988245
     0.000000000    0.000000000    0.000557234    0.026231392   -0.348669113
     0.000000000    0.003226693   -0.157867280   -0.219995135    0.070834554
     0.000000000    0.019865233   -0.084146052   -0.230503304    0.050007611
     0.019701110    0.006127681   -0.083598286   -0.210427857    0.076876563
     0.010708657   -0.016609787   -0.080414055   -0.230503304    0.050007611
    -0.019701110    0.006127681   -0.083598286   -0.210427857    0.076876563
    -0.010708657   -0.016609787   -0.080414055
     0.000000000   -0.000000001    0.000000000    0.000000000   -0.140017059
     0.000000000    0.000000000    3.056848462    0.000000000    0.000000001
     0.305026807    0.000000000    0.000000000    1.686973842    0.000000000
     0.000000001    0.000000001   -1.053856556    0.000000000    0.000000000
    -0.098758160    0.000000000   -0.383881117    0.000000000    0.000000000
    -0.076718210    0.000000000   -1.484387675    0.000000000    0.000000000
    -0.044252722    0.000000000    0.190977228    0.000000000    0.000000000
     0.006689767   -0.003652976    0.000000000    0.000000000   -0.000000001
     0.028411257    0.000000000    0.000000000    0.000000000    0.000000000
    -0.031639820    0.000000000    0.000000000   -0.369390404   -2.555238050
     0.243711814    0.094561288   -0.045333363   -0.274774934   -1.612704612
     0.073231879   -0.152585968   -0.032956664    0.369390405    2.555238051
     0.243711814   -0.094561288    0.045333363    0.274774934    1.612704613
     0.073231879    0.152585968    0.032956664
    -0.726746723    0.199784765    0.649658506    1.138842154    0.000000000
    -0.158313390   -0.065771577    0.000000000    2.328849652   -0.889269416
     0.000000000    0.344666065    0.267007422    0.000000000    1.249737830
    -0.100871090   -0.043463928    0.000000000   -0.420941321    0.134139793
     0.000000000   -0.052190099    0.000000000   -0.191541276    0.095160255
     0.000000000   -0.453595392    0.000000000   -1.545927040    0.027811294
     0.000000000    0.043396796    0.000000000    0.162513244   -0.010989795
     0.000000000    0.000000000    0.005955091    0.031828050    0.373668371
     0.000000000   -0.013354048    0.021774983   -0.278053832   -2.526060878
     0.000000000    0.156315018   -0.026043420   -0.185912028   -1.065396345
     0.046501420    0.020072805   -0.004522771    0.156553740    1.348935814
    -0.091793986    0.115821517    0.055133561   -0.185912028   -1.065396345
    -0.046501420    0.020072806   -0.004522771    0.156553740    1.348935814
     0.091793985    0.115821517    0.055133561
    -0.023663298    0.005727020    0.020742781    0.009383796    0.000000000
    -0.000976478    0.000380418    0.000000000    0.015027625   -0.007883189
     0.000000000    0.002195822    0.000221857    0.000000000    0.007885341
    -0.001569970   -0.000999841    0.000000000   -0.003077320   -0.453761786
     0.000000000   -0.000350510    0.000000000   -0.001625636   -0.079038601
     0.000000000   -0.003904388    0.000000000   -0.010190264   -0.253441592
     0.000000000   -0.000113156    0.000000000    0.000624754    1.203287128
     0.000000000    0.000000000   -0.109274317   -0.000624650    0.005683496
     0.000000000   -0.000028866   -0.000714229   -0.339562499   -0.345938856
     0.000000000    0.204197427   -0.067290790    0.269698478    0.259137357
    -0.135704857   -0.115545275    0.054553218   -0.104080543   -0.093564014
     0.125141029    0.014793145   -0.020227470    0.269698478    0.259137357
     0.135704857   -0.115545275    0.054553218   -0.104080543   -0.093564014
    -0.125141029    0.014793145   -0.020227470
     0.000000000    0.000000000    0.000000000    0.000000000    0.000087328
     0.000000000    0.000000000   -0.033856624    0.000000000    0.000000000
    -0.000581584    0.000000000    0.000000000   -0.022739013    0.000000000
     0.000000000    0.000000000    0.010385434    0.000000000    0.000000000
    -0.464940624    0.000000000    0.002334877    0.000000000    0.000000000
    -0.089683978    0.000000000    0.014927785    0.000000000    0.000000000
    -0.264309597    0.000000000    0.002168265    0.000000000    0.000000000
     1.202387665   -0.109402696    0.000000000    0.000000000    0.000000000
    -0.000845549    0.000000000    0.000000000    0.000000000    0.000000000
     0.116352854    0.000000000    0.000000000    0.202522663    0.228118668
    -0.145362059    0.051085679    0.040452004   -0.321651046   -0.300498677
     0.084185393   -0.175975325   -0.063590787   -0.202522663   -0.228118668
    -0.145362059   -0.051085679   -0.040452004    0.321651046    0.300498677
     0.084185393    0.175975325    0.063590787
     0.000000000    0.000000000    0.000000000    0.000000000    0.000000000
     0.000000000    0.000000000    0.000000000    0.000000000    0.000000000
     0.000000000    0.000000000    0.000000000    0.000000000    0.000000000
     0.000000000    0.000000000    0.000000000    0.000000000    0.000000000
     0.215970324    0.000000000    0.000000000    0.000000000    0.000000000
    -0.011440191    0.000000000    0.000000000    0.000000000    0.000000000
     0.151921744    0.000000000    0.000000000    0.000000000    0.000000000
    -0.103100994    1.149874690    0.000000000    0.000000000    0.000000000
     0.000000000    0.000000000    0.000000000    0.000000000    0.000000000
     0.075753270    0.000000000    0.000000000   -0.139440708   -0.147797189
     0.057761808    0.083207529   -0.068320397    0.225619805    0.239140875
    -0.095638443    0.091809172    0.110544725    0.139440708    0.147797189
     0.057761808   -0.083207529    0.068320397   -0.225619805   -0.239140875
    -0.095638443   -0.091809172   -0.110544725
     0.000000000    0.000000000    0.000000000    0.000000000    0.000000000
     0.000000000    0.000000000    0.000000000    0.000000000    0.000000000
     0.000000000    0.000000000    0.000000000    0.000000000    0.000000000
     0.000000000    0.000000000    0.000000000    0.000000000    0.215970324
     0.000000000    0.000000000    0.000000000    0.000000000   -0.011440191
     0.000000000    0.000000000    0.000000000    0.000000000    0.151921744
     0.000000000    0.000000000    0.000000000    0.000000000   -0.103100994
     0.000000000    0.000000000    1.149874690    0.000000000    0.000000000
     0.000000000    0.000000000    0.000000000    0.237230702    0.251447597
     0.000000000   -0.137205355    0.116233603   -0.191923670   -0.203425379
     0.119328158   -0.008046027   -0.094034960    0.073308319    0.077701581
     0.033364767    0.076648704    0.035918159   -0.191923670   -0.203425379
    -0.119328158   -0.008046027   -0.094034960    0.073308319    0.077701581
    -0.033364767    0.076648704    0.035918159
     0.604084124   -0.577074442   -0.676985222   -1.092625040    0.000000000
     0.000000000    0.005578868    0.000000000    0.000000000   -0.424913941
     0.000000000    0.000000000    0.034797257    0.000000000    0.000000000
    -0.049764180   -0.084240693    0.000000000    0.000000000    0.000000000
     0.000000000   -0.216184785    0.000000000    0.000000000    0.000000000
     0.000000000   -0.222292983    0.000000000    0.000000000    0.000000000
     0.000000000    0.138771157    0.000000000    0.000000000    0.000000000
     0.000000000    0.000000000    0.000000000   -1.047140845    2.127954677
     0.000000000    0.000000000    0.443875420   -0.055916653    0.241194520
     0.000000000    0.024523727   -0.004617898   -0.055916653    0.241194520
     0.023323450    0.007578248   -0.004617898   -0.055916653    0.241194520
     0.014414685   -0.019840112   -0.004617898   -0.055916653    0.241194520
    -0.023323450    0.007578248   -0.004617898   -0.055916653    0.241194520
    -0.014414685   -0.019840112   -0.004617898
     0.279440148   -0.878578640   -0.395040230   -0.405828093    0.000000000
     0.000000000   -0.100616147    0.000000000    0.000000000   -1.611265722
     0.000000000    0.000000000    0.036139627    0.000000000    0.000000000
    -0.033544005   -0.649081520    0.000000000    0.000000000    0.000000000
     0.000000000    0.038926115    0.000000000    0.000000000    0.000000000
     0.000000000   -0.501489077    0.000000000    0.000000000    0.000000000
     0.000000000   -0.227022631    0.000000000    0.000000000    0.000000000
     0.000000000    0.000000000    0.000000000   -0.091608020    2.298766445
     0.000000000    0.000000000   -1.272495904   -0.088426258   -0.036188387
     0.000000000    0.000851436   -0.017358291   -0.088426258   -0.036188387
     0.000809763    0.000263108   -0.017358291   -0.088426258   -0.036188387
     0.000500461   -0.000688826   -0.017358291   -0.088426258   -0.036188387
    -0.000809763    0.000263108   -0.017358291   -0.088426258   -0.036188387
    -0.000500461   -0.000688826   -0.017358291
     0.000000000    0.000000000    0.000000000    0.000000000    0.000000000
     0.016572393    0.000000000    0.000000000    0.052973252    0.000000000
     0.000000000    0.001358873    0.000000000    0.000000000    0.003724099
     0.000000000    0.000000000    0.000000000   -0.245273570    0.000000000
     0.000000000    0.000000000    0.000000000   -0.025029138    0.000000000
     0.000000000    0.000000000    0.000000000   -0.200161261    0.000000000
     0.000000000    0.000000000    0.000000000   -0.102935008    0.000000000
     0.000000000    0.000000000    0.000000000    0.000000000    0.000000000
     0.000000000    1.068572452    0.000000000   -0.073379445   -0.087677059
     0.000000000    0.022844495    0.008766019   -0.022675495   -0.027093701
     0.010607905   -0.009803281    0.002708849    0.059365218    0.070932230
    -0.017163952    0.010374155   -0.007091858   -0.022675495   -0.027093701
    -0.010607905   -0.009803281    0.002708849    0.059365218    0.070932230
     0.017163952    0.010374155   -0.007091858
     0.000000000    0.000000000    0.000000000    0.000000000    0.016572393
     0.000000000    0.000000000    0.052973252    0.000000000    0.000000000
     0.001358873    0.000000000    0.000000000    0.003724099    0.000000000
     0.000000000    0.000000000   -0.245273570    0.000000000    0.000000000
     0.000000000    0.000000000   -0.025029138    0.000000000    0.000000000
     0.000000000    0.000000000   -0.200161261    0.000000000    0.000000000
     0.000000000    0.000000000   -0.102935008    0.000000000    0.000000000
     0.000000000    0.000000000    0.000000000    0.000000000    0.000000000
     1.068572452    0.000000000    0.000000000    0.000000000    0.000000000
    -0.013249998    0.000000000    0.000000000   -0.069787999   -0.083385838
     0.019397778    0.010607905    0.008336979   -0.043131355   -0.051535282
    -0.000779657   -0.017163952    0.005152537    0.069787999    0.083385838
     0.019397778   -0.010607905   -0.008336979    0.043131355    0.051535282
    -0.000779657    0.017163952   -0.005152537
    -0.306110038    0.381136298    0.394746744    0.564062981    0.000000000
     0.013413477   -0.006410434    0.000000000    0.215408659   -0.072874524
     0.000000000   -0.008726585    0.003063668    0.000000000    0.013578255
    -0.006058134    0.034754164    0.000000000    0.028650403   -0.235278490
     0.000000000   -0.037706865    0.000000000   -0.109198254   -0.176924889
     0.000000000    0.004143206    0.000000000   -0.045353270   -0.291534590
     0.000000000   -0.047393947    0.000000000    0.003541113   -0.049714374
     0.000000000    0.000000000    0.041071989   -0.043029777   -0.163186885
     0.000000000   -0.004835534   -0.007499351    1.172279110   -2.250282558
     0.000000000   -0.246368618    0.080912368    0.077820201    0.379697918
    -0.015454267    0.006617721    0.002360034   -0.008531730   -0.264790567
    -0.000986478    0.007345753    0.005004703    0.077820201    0.379697918
     0.015454267    0.006617721    0.002360034   -0.008531730   -0.264790567
     0.000986478    0.007345753    0.005004703
     0.000000000    0.000000000    0.000000000    0.000000000    0.015417016
     0.000000000    0.000000000   -0.519726398    0.000000000    0.000000000
     0.021778907    0.000000000    0.000000000   -0.003378318    0.000000000
     0.000000000    0.000000000    0.205828680    0.000000000    0.000000000
    -0.264497587    0.000000000    0.016644385    0.000000000    0.000000000
    -0.019021543    0.000000000    0.166775917    0.000000000    0.000000000
    -0.208819252    0.000000000    0.011626560    0.000000000    0.000000000
     0.109826468    0.076332380    0.000000000    0.000000000    0.000000000
    -0.014975008    0.000000000    0.000000000    0.000000000    0.000000000
     1.103265866    0.000000000    0.000000000    0.190871975    0.198997168
    -0.033800179   -0.012088111    0.019964645    0.012755618   -0.037400070
     0.003974102    0.008779048   -0.014585205   -0.190871975   -0.198997168
    -0.033800179    0.012088111   -0.019964645   -0.012755618    0.037400070
     0.003974102   -0.008779048    0.014585205
    -0.159297585    0.999872994    0.300082335    0.156460014    0.000000000
     0.128997278   -0.055817896    0.000000000    1.350623386   -0.621304516
     0.000000000   -0.009924181    0.004376184    0.000000000    0.007799079
    -0.000827253   -0.134414455    0.000000000   -0.452515522   -0.393631443
     0.000000000    0.024798796    0.000000000    0.070396455    0.088217397
     0.000000000   -0.093398389    0.000000000   -0.314253954   -0.255354085
     0.000000000    0.142327638    0.000000000    0.001332245    0.201161788
     0.000000000    0.000000000   -0.154057274    0.021284781    0.105850705
     0.000000000    0.022631260    0.006619026   -0.138950732   -1.994652178
     0.000000000    1.306291422   -0.336059525   -0.120199874    0.125694529
     0.012907002   -0.035461929    0.014431267    0.045248766    0.068760748
     0.000500528   -0.002001725   -0.019887183   -0.120199874    0.125694529
    -0.012907002   -0.035461929    0.014431267    0.045248766    0.068760748
    -0.000500528   -0.002001725   -0.019887183
    -0.040737893    0.231671810    0.072975250    0.044537033    0.000000000
     0.021512025   -0.024841682    0.000000000    0.155203230   -0.090330360
     0.000000000    0.002574337   -0.002240348    0.000000000   -0.003740072
    -0.004345120   -0.203781346    0.000000000    0.097593868   -0.194542488
     0.000000000   -0.004105245    0.000000000    0.031756281    0.015334342
     0.000000000   -0.157199227    0.000000000    0.090090064   -0.139081336
     0.000000000    0.012044769    0.000000000   -0.112834535    0.018312983
     0.000000000    0.000000000   -0.084905855    0.067565631    0.094357672
     0.000000000   -0.015126187   -0.017449768   -0.031786104   -0.367973434
     0.000000000   -0.173388341   -1.084326951    0.012773314    0.060639360
    -0.013203075   -0.016786717   -0.013788566   -0.065102929   -0.100871088
     0.022292505   -0.004554050   -0.013144169    0.012773314    0.060639360
     0.013203075   -0.016786717   -0.013788566   -0.065102929   -0.100871088
    -0.022292505   -0.004554050   -0.013144169
    -0.306110038    0.381136298    0.394746744    0.564062981    0.012756975
     0.004144992   -0.006410434    0.204865808    0.066564936   -0.072874524
    -0.008299475   -0.002696663    0.003063668    0.012913688    0.004195912
    -0.006058134    0.034754164    0.027248153    0.008853462    0.190344297
     0.138293226   -0.037706865   -0.103853711   -0.033744116    0.143135242
     0.103993840    0.004143206   -0.043133523   -0.014014931    0.235856437
     0.171359732   -0.047393947    0.003367799    0.001094264    0.040219773
     0.029221376   -0.024141509   -0.033227937   -0.043029777   -0.163186885
    -0.004598866   -0.001494262   -0.007499351    0.077820201    0.379697918
     0.011069458   -0.012652893    0.002360034    1.172279110   -2.250282558
    -0.234310479   -0.076132090    0.080912368    0.077820201    0.379697918
     0.001518196    0.016742870    0.002360034   -0.008531730   -0.264790567
     0.007291065    0.001331766    0.005004703   -0.008531730   -0.264790567
     0.006681388    0.003208159    0.005004703
     0.000000000    0.000000000    0.000000000    0.000000000   -0.004764120
     0.014662454    0.000000000    0.160604290   -0.494289178    0.000000000
    -0.006730052    0.020712971    0.000000000    0.001043958   -0.003212972
     0.000000000    0.000000000   -0.063604560    0.195754707    0.155467781
    -0.213983042    0.000000000   -0.005143398    0.015829751    0.011180582
    -0.015388752    0.000000000   -0.051536593    0.158613323    0.122740877
    -0.168938324    0.000000000   -0.003592805    0.011057516   -0.064554378
     0.088851479    0.061754192   -0.044867047    0.000000000    0.000000000
     0.004627532   -0.014242079    0.000000000    0.190871975    0.198997168
    -0.001051647   -0.035881313    0.019964645    0.000000000    0.000000000
    -0.340927902    1.049268191    0.000000000   -0.190871975   -0.198997168
     0.021941307   -0.028410449   -0.019964645    0.012755618   -0.037400070
     0.007121305    0.006492471   -0.014585205   -0.012755618    0.037400070
    -0.009577436    0.001066721    0.014585205
    -0.159297585    0.999872994    0.300082335    0.156460014    0.122683701
     0.039862351   -0.055817896    1.284519172    0.417365579   -0.621304516
    -0.009438457   -0.003066741    0.004376184    0.007417365    0.002410048
    -0.000827253   -0.134414455   -0.430367836   -0.139834987    0.318454527
     0.231370757    0.024798796    0.066951007    0.021753701   -0.071369373
    -0.051852885   -0.093398389   -0.298873271   -0.097109812    0.206585794
     0.150093365    0.142327638    0.001267041    0.000411686   -0.162743305
    -0.118239932    0.090552594    0.124634953    0.021284781    0.105850705
     0.021523607    0.006993444    0.006619026   -0.120199874    0.125694529
    -0.037714782    0.001316950    0.014431267   -0.138950732   -1.994652178
     1.242356969    0.403666249   -0.336059525   -0.120199874    0.125694529
    -0.029737816   -0.023233627    0.014431267    0.045248766    0.068760748
    -0.002058425   -0.000142536   -0.019887183    0.045248766    0.068760748
    -0.001749082   -0.001094598   -0.019887183
    -0.040737893    0.231671810    0.072975250    0.044537033    0.020459151
     0.006647581   -0.024841682    0.147607043    0.047960436   -0.090330360
     0.002448340    0.000795514   -0.002240348   -0.003557019   -0.001155746
    -0.004345120   -0.203781346    0.092817284    0.030158164    0.157388179
     0.114349205   -0.004105245    0.030202018    0.009813231   -0.012405743
    -0.009013300   -0.157199227    0.085680743    0.027839361    0.112519164
     0.081749958    0.012044769   -0.107312019   -0.034867789   -0.014815514
    -0.010764101    0.049906410    0.068690280    0.067565631    0.094357672
    -0.014385858   -0.004674249   -0.017449768    0.012773314    0.060639360
    -0.011885142   -0.017744251   -0.013788566   -0.031786104   -0.367973434
    -0.164902112   -0.053579944   -1.084326951    0.012773314    0.060639360
    -0.020045091    0.007369490   -0.013788566   -0.065102929   -0.100871088
    -0.011219921    0.019794153   -0.013144169   -0.065102929   -0.100871088
     0.002557604   -0.022608711   -0.013144169
    -0.306110038    0.381136298    0.394746744    0.564062981    0.007884244
    -0.010851731   -0.006410434    0.126614033   -0.174269265   -0.072874524
    -0.005129358    0.007059955    0.003063668    0.007981098   -0.010985039
    -0.006058134    0.034754164    0.016840285   -0.023178663   -0.072705052
    -0.223763141   -0.037706865   -0.064185123    0.088343243   -0.054672797
    -0.168265568    0.004143206   -0.026657983    0.036691566   -0.090089143
    -0.277265871   -0.047393947    0.002081414   -0.002864821   -0.015362586
    -0.047281179    0.039061782    0.012691942   -0.043029777   -0.163186885
    -0.002842256    0.003912029   -0.007499351   -0.008531730   -0.264790567
     0.003519648   -0.006522676    0.005004703    0.077820201    0.379697918
    -0.008612966   -0.014437639    0.002360034    1.172279110   -2.250282558
    -0.144811840    0.199316399    0.080912368   -0.008531730   -0.264790567
     0.005115803   -0.005363002    0.005004703    0.077820201    0.379697918
     0.016392564    0.003729942    0.002360034
     0.000000000    0.000000000    0.000000000    0.000000000    0.012472628
     0.009061895    0.000000000   -0.420467489   -0.305487512    0.000000000
     0.017619506    0.012801320    0.000000000   -0.002733117   -0.001985726
     0.000000000    0.000000000    0.166518900    0.120983063   -0.251552153
     0.081734249    0.000000000    0.013465591    0.009783324   -0.018090562
     0.005877980    0.000000000    0.134924551    0.098028425   -0.198598911
     0.064528698    0.000000000    0.009406085    0.006833921    0.104451178
    -0.033938245   -0.023588002    0.072596407    0.000000000    0.000000000
    -0.012115036   -0.008802089    0.000000000    0.012755618   -0.037400070
     0.008375311   -0.004766480   -0.014585205    0.190871975    0.198997168
    -0.034450133   -0.010087759    0.019964645    0.000000000    0.000000000
     0.892560835    0.648483405    0.000000000   -0.012755618    0.037400070
    -0.001945078    0.009438317    0.014585205   -0.190871975   -0.198997168
    -0.020239706   -0.029646735   -0.019964645
    -0.159297585    0.999872994    0.300082335    0.156460014    0.075822697
    -0.104360990   -0.055817896    0.793876508   -1.092677272   -0.621304516
    -0.005833287    0.008028831    0.004376184    0.004584184   -0.006309588
    -0.000827253   -0.134414455   -0.265981950    0.366092748   -0.121638805
    -0.374365749    0.024798796    0.041377998   -0.056951928    0.027260675
     0.083899730   -0.093398389   -0.184713840    0.254236789   -0.078908752
    -0.242856167    0.142327638    0.000783074   -0.001077809    0.062162411
     0.191316229   -0.146517174   -0.047606316    0.021284781    0.105850705
     0.013302321   -0.018309074    0.006619026    0.045248766    0.068760748
    -0.000771648    0.001913633   -0.019887183   -0.120199874    0.125694529
    -0.010402015    0.036275849    0.014431267   -0.138950732   -1.994652178
     0.767818833   -1.056811960   -0.336059525    0.045248766    0.068760748
    -0.001581520    0.001325226   -0.019887183   -0.120199874    0.125694529
    -0.031285983    0.021102758    0.014431267
    -0.040737893    0.231671810    0.072975250    0.044537033    0.012644451
    -0.017403594   -0.024841682    0.091226170   -0.125562051   -0.090330360
     0.001513157   -0.002082682   -0.002240348   -0.002198359    0.003025781
    -0.004345120   -0.203781346    0.057364236   -0.078955098   -0.060116935
    -0.185020901   -0.004105245    0.018665874   -0.025691371    0.004738572
     0.014583826   -0.157199227    0.052953611   -0.072884393   -0.042978496
    -0.132274211    0.012044769   -0.066322475    0.091285056    0.005659023
     0.017416682   -0.080750267   -0.026237352    0.067565631    0.094357672
    -0.008890949    0.012237342   -0.017449768   -0.065102929   -0.100871088
     0.015358212    0.016787509   -0.013144169    0.012773314    0.060639360
    -0.020548497    0.005820167   -0.013788566   -0.031786104   -0.367973434
    -0.101915110    0.140274115   -1.084326951   -0.065102929   -0.100871088
    -0.020711818   -0.009418902   -0.013144169    0.012773314    0.060639360
     0.000814527    0.021341312   -0.013788566
    -0.306110038    0.381136298    0.394746744    0.564062981   -0.012756975
     0.004144992   -0.006410434   -0.204865808    0.066564936   -0.072874524
     0.008299475   -0.002696663    0.003063668   -0.012913688    0.004195912
    -0.006058134    0.034754164   -0.027248153    0.008853462    0.190344297
    -0.138293226   -0.037706865    0.103853711   -0.033744116    0.143135242
    -0.103993840    0.004143206    0.043133523   -0.014014931    0.235856437
    -0.171359732   -0.047393947   -0.003367799    0.001094264    0.040219773
    -0.029221376    0.024141509   -0.033227937   -0.043029777   -0.163186885
     0.004598866   -0.001494262   -0.007499351    0.077820201    0.379697918
    -0.011069458   -0.012652893    0.002360034   -0.008531730   -0.264790567
    -0.007291065    0.001331766    0.005004703   -0.008531730   -0.264790567
    -0.006681388    0.003208159    0.005004703    1.172279110   -2.250282558
     0.234310479   -0.076132090    0.080912368    0.077820201    0.379697918
    -0.001518196    0.016742870    0.002360034
     0.000000000    0.000000000    0.000000000    0.000000000    0.004764120
     0.014662454    0.000000000   -0.160604290   -0.494289178    0.000000000
     0.006730052    0.020712971    0.000000000   -0.001043958   -0.003212972
     0.000000000    0.000000000    0.063604560    0.195754707    0.155467781
     0.213983042    0.000000000    0.005143398    0.015829751    0.011180582
     0.015388752    0.000000000    0.051536593    0.158613323    0.122740877
     0.168938324    0.000000000    0.003592805    0.011057516   -0.064554378
    -0.088851479   -0.061754192   -0.044867047    0.000000000    0.000000000
    -0.004627532   -0.014242079    0.000000000    0.190871975    0.198997168
     0.001051647   -0.035881313    0.019964645    0.012755618   -0.037400070
    -0.007121305    0.006492471   -0.014585205   -0.012755618    0.037400070
     0.009577436    0.001066721    0.014585205    0.000000000    0.000000000
     0.340927902    1.049268191    0.000000000   -0.190871975   -0.198997168
    -0.021941307   -0.028410449   -0.019964645
    -0.159297585    0.999872994    0.300082335    0.156460014   -0.122683701
     0.039862351   -0.055817896   -1.284519172    0.417365579   -0.621304516
     0.009438457   -0.003066741    0.004376184   -0.007417365    0.002410048
    -0.000827253   -0.134414455    0.430367836   -0.139834987    0.318454527
    -0.231370757    0.024798796   -0.066951007    0.021753701   -0.071369373
     0.051852885   -0.093398389    0.298873271   -0.097109812    0.206585794
    -0.150093365    0.142327638   -0.001267041    0.000411686   -0.162743305
     0.118239932   -0.090552594    0.124634953    0.021284781    0.105850705
    -0.021523607    0.006993444    0.006619026   -0.120199874    0.125694529
     0.037714782    0.001316950    0.014431267    0.045248766    0.068760748
     0.002058425   -0.000142536   -0.019887183    0.045248766    0.068760748
     0.001749082   -0.001094598   -0.019887183   -0.138950732   -1.994652178
    -1.242356969    0.403666249   -0.336059525   -0.120199874    0.125694529
     0.029737816   -0.023233627    0.014431267
    -0.040737893    0.231671810    0.072975250    0.044537033   -0.020459151
     0.006647581   -0.024841682   -0.147607043    0.047960436   -0.090330360
    -0.002448340    0.000795514   -0.002240348    0.003557019   -0.001155746
    -0.004345120   -0.203781346   -0.092817284    0.030158164    0.157388179
    -0.114349205   -0.004105245   -0.030202018    0.009813231   -0.012405743
     0.009013300   -0.157199227   -0.085680743    0.027839361    0.112519164
    -0.081749958    0.012044769    0.107312019   -0.034867789   -0.014815514
     0.010764101   -0.049906410    0.068690280    0.067565631    0.094357672
     0.014385858   -0.004674249   -0.017449768    0.012773314    0.060639360
     0.011885142   -0.017744251   -0.013788566   -0.065102929   -0.100871088
     0.011219921    0.019794153   -0.013144169   -0.065102929   -0.100871088
    -0.002557604   -0.022608711   -0.013144169   -0.031786104   -0.367973434
     0.164902112   -0.053579944   -1.084326951    0.012773314    0.060639360
     0.020045091    0.007369490   -0.013788566
    -0.306110038    0.381136298    0.394746744    0.564062981   -0.007884244
    -0.010851731   -0.006410434   -0.126614033   -0.174269265   -0.072874524
     0.005129358    0.007059955    0.003063668   -0.007981098   -0.010985039
    -0.006058134    0.034754164   -0.016840285   -0.023178663   -0.072705052
     0.223763141   -0.037706865    0.064185123    0.088343243   -0.054672797
     0.168265568    0.004143206    0.026657983    0.036691566   -0.090089143
     0.277265871   -0.047393947   -0.002081414   -0.002864821   -0.015362586
     0.047281179   -0.039061782    0.012691942   -0.043029777   -0.163186885
     0.002842256    0.003912029   -0.007499351   -0.008531730   -0.264790567
    -0.003519648   -0.006522676    0.005004703   -0.008531730   -0.264790567
    -0.005115803   -0.005363002    0.005004703    0.077820201    0.379697918
    -0.016392564    0.003729942    0.002360034    0.077820201    0.379697918
     0.008612966   -0.014437639    0.002360034    1.172279110   -2.250282558
     0.144811840    0.199316399    0.080912368
     0.000000000    0.000000000    0.000000000    0.000000000    0.012472628
    -0.009061895    0.000000000   -0.420467489    0.305487512    0.000000000
     0.017619506   -0.012801320    0.000000000   -0.002733117    0.001985726
     0.000000000    0.000000000    0.166518900   -0.120983063    0.251552153
     0.081734249    0.000000000    0.013465591   -0.009783324    0.018090562
     0.005877980    0.000000000    0.134924551   -0.098028425    0.198598911
     0.064528698    0.000000000    0.009406085   -0.006833921   -0.104451178
    -0.033938245   -0.023588002   -0.072596407    0.000000000    0.000000000
    -0.012115036    0.008802089    0.000000000   -0.012755618    0.037400070
     0.008375311    0.004766480    0.014585205    0.012755618   -0.037400070
    -0.001945078   -0.009438317   -0.014585205    0.190871975    0.198997168
    -0.020239706    0.029646735    0.019964645   -0.190871975   -0.198997168
    -0.034450133    0.010087759   -0.019964645    0.000000000    0.000000000
     0.892560835   -0.648483405    0.000000000
    -0.159297585    0.999872994    0.300082335    0.156460014   -0.075822697
    -0.104360990   -0.055817896   -0.793876508   -1.092677272   -0.621304516
     0.005833287    0.008028831    0.004376184   -0.004584184   -0.006309588
    -0.000827253   -0.134414455    0.265981950    0.366092748   -0.121638805
     0.374365749    0.024798796   -0.041377998   -0.056951928    0.027260675
    -0.083899730   -0.093398389    0.184713840    0.254236789   -0.078908752
     0.242856167    0.142327638   -0.000783074   -0.001077809    0.062162411
    -0.191316229    0.146517174   -0.047606316    0.021284781    0.105850705
    -0.013302321   -0.018309074    0.006619026    0.045248766    0.068760748
     0.000771648    0.001913633   -0.019887183    0.045248766    0.068760748
     0.001581520    0.001325226   -0.019887183   -0.120199874    0.125694529
     0.031285983    0.021102758    0.014431267   -0.120199874    0.125694529
     0.010402015    0.036275849    0.014431267   -0.138950732   -1.994652178
    -0.767818833   -1.056811960   -0.336059525
    -0.040737893    0.231671810    0.072975250    0.044537033   -0.012644451
    -0.017403594   -0.024841682   -0.091226170   -0.125562051   -0.090330360
    -0.001513157   -0.002082682   -0.002240348    0.002198359    0.003025781
    -0.004345120   -0.203781346   -0.057364236   -0.078955098   -0.060116935
     0.185020901   -0.004105245   -0.018665874   -0.025691371    0.004738572
    -0.014583826   -0.157199227   -0.052953611   -0.072884393   -0.042978496
     0.132274211    0.012044769    0.066322475    0.091285056    0.005659023
    -0.017416682    0.080750267   -0.026237352    0.067565631    0.094357672
     0.008890949    0.012237342   -0.017449768   -0.065102929   -0.100871088
    -0.015358212    0.016787509   -0.013144169   -0.065102929   -0.100871088
     0.020711818   -0.009418902   -0.013144169    0.012773314    0.060639360
    -0.000814527    0.021341312   -0.013788566    0.012773314    0.060639360
     0.020548497    0.005820167   -0.013788566   -0.031786104   -0.367973434
     0.101915110    0.140274115   -1.084326951
