 WH6...b3lyp/vdz
 AO density matrix:
 -------------------------------------------------------------------------------
     1.892934622    0.766332381    1.730971248    1.884202136    0.399190422
     1.968569598    0.861348448    1.592170262    0.539143725    1.480292980
     0.000000000    0.000000000    0.000000000    0.000000000    1.895282186
     0.000000000    0.000000000    0.000000000    0.000000000    0.000000000
     1.895282186    0.005137712    0.028188766   -0.002665217    0.024031573
     0.000000000    0.000000000    1.896605369    0.000000000    0.000000000
     0.000000000    0.000000000    0.576465322    0.000000000    0.000000000
     0.937480235    0.000000000    0.000000000    0.000000000    0.000000000
     0.000000000    0.576465322    0.000000000    0.000000000    0.937480235
    -0.026405940   -0.156765176    0.011713179   -0.135383843    0.000000000
     0.000000000    0.583969449    0.000000000    0.000000000    0.852524449
     0.000000000    0.000000000    0.000000000    0.000000000    1.064841245
     0.000000000    0.000000000    0.725911310    0.000000000    0.000000000
     0.810339863    0.000000000    0.000000000    0.000000000    0.000000000
     0.000000000    1.064841245    0.000000000    0.000000000    0.725911310
     0.000000000    0.000000000    0.810339863   -0.012071883   -0.079767298
     0.007026776   -0.069154893    0.000000000    0.000000000    1.067108891
     0.000000000    0.000000000    0.680960301    0.000000000    0.000000000
     0.785053605    0.000000000    0.000000000    0.000000000    0.000000000
     0.250695826    0.000000000    0.000000000    0.699415504    0.000000000
     0.000000000    0.469570000    0.000000000    0.000000000    0.542688797
     0.000000000    0.000000000    0.000000000    0.000000000    0.000000000
     0.250695826    0.000000000    0.000000000    0.699415504    0.000000000
     0.000000000    0.469570000    0.000000000    0.000000000    0.542688797
    -0.019977879   -0.116946325    0.008603927   -0.100558020    0.000000000
     0.000000000    0.258958740    0.000000000    0.000000000    0.629824950
     0.000000000    0.000000000    0.433771592    0.000000000    0.000000000
     0.485310419    0.005994517    0.045741709   -0.003862232    0.046742601
     0.000000000    0.000000000   -0.120358162    0.000000000    0.000000000
     0.774994967    0.000000000    0.000000000    0.356183264    0.000000000
     0.000000000    0.649910559    1.027310164    0.000000000    0.000000000
     0.000000000    0.000000000    0.132659940    0.000000000    0.000000000
    -0.805790047    0.000000000    0.000000000   -0.371805832    0.000000000
     0.000000000   -0.674295976    0.000000000    0.000000000    0.000000000
     0.948678315    0.000000000    0.000000000    0.000000000    0.000000000
     0.000000000    0.132659940    0.000000000    0.000000000   -0.805790047
     0.000000000    0.000000000   -0.371805832    0.000000000    0.000000000
    -0.674295976    0.000000000    0.000000000    0.000000000    0.948678315
     0.000000000    0.000000000    0.000000000    0.000000000    0.000000000
     0.000000000    0.000000000    0.000000000    0.000000000    0.000000000
     0.000000000    0.000000000    0.000000000    0.000000000    0.000000000
     0.000000000    0.000000000    0.000000000    0.000000000    1.491539795
     0.000000000    0.000000000    0.000000000    0.000000000    0.000000000
     0.000000000    0.000000000    0.000000000    0.000000000    0.000000000
     0.000000000    0.000000000    0.000000000    0.000000000    0.000000000
     0.000000000    0.000000000    0.000000000    0.000000000    0.000000000
     1.491539795   -0.012717928   -0.041934840   -0.004212366   -0.042662350
     0.000000000    0.000000000    0.102415251    0.000000000    0.000000000
    -0.589522577    0.000000000    0.000000000   -0.266550174    0.000000000
     0.000000000   -0.495681780   -0.787154143    0.000000000    0.000000000
     0.000000000    0.000000000    0.603240145    0.000000000    0.000000000
     0.000000000    0.000000000   -0.117916206    0.000000000    0.000000000
     0.632238480    0.000000000    0.000000000    0.286175318    0.000000000
     0.000000000    0.530675619    0.000000000    0.000000000    0.000000000
    -0.749988965    0.000000000    0.000000000    0.000000000    0.000000000
     0.593003337    0.000000000    0.000000000    0.000000000    0.000000000
     0.000000000   -0.117916206    0.000000000    0.000000000    0.632238480
     0.000000000    0.000000000    0.286175318    0.000000000    0.000000000
     0.530675619    0.000000000    0.000000000    0.000000000   -0.749988965
     0.000000000    0.000000000    0.000000000    0.000000000    0.593003337
     0.000000000    0.000000000    0.000000000    0.000000000    0.000000000
     0.000000000    0.000000000    0.000000000    0.000000000    0.000000000
     0.000000000    0.000000000    0.000000000    0.000000000    0.000000000
     0.000000000    0.000000000    0.000000000    0.000000000   -1.236808778
     0.000000000    0.000000000    0.000000000    0.000000000    1.025581724
     0.000000000    0.000000000    0.000000000    0.000000000    0.000000000
     0.000000000    0.000000000    0.000000000    0.000000000    0.000000000
     0.000000000    0.000000000    0.000000000    0.000000000    0.000000000
     0.000000000    0.000000000    0.000000000    0.000000000    0.000000000
    -1.236808778    0.000000000    0.000000000    0.000000000    0.000000000
     1.025581724    0.003603052    0.036943327   -0.004574064    0.037166332
     0.000000000    0.000000000   -0.090474630    0.000000000    0.000000000
     0.566119257    0.000000000    0.000000000    0.259133849    0.000000000
     0.000000000    0.475080902    0.752204071    0.000000000    0.000000000
     0.000000000    0.000000000   -0.576379532    0.000000000    0.000000000
     0.000000000    0.000000000    0.550782833    0.000000000    0.000000000
     0.000000000    0.000000000    0.094284985    0.000000000    0.000000000
    -0.572339365    0.000000000    0.000000000   -0.264063933    0.000000000
     0.000000000   -0.478948145    0.000000000    0.000000000    0.000000000
     0.673854522    0.000000000    0.000000000    0.000000000    0.000000000
    -0.532724120    0.000000000    0.000000000    0.000000000    0.000000000
     0.478644774    0.000000000    0.000000000    0.000000000    0.000000000
     0.000000000    0.094284985    0.000000000    0.000000000   -0.572339365
     0.000000000    0.000000000   -0.264063933    0.000000000    0.000000000
    -0.478948145    0.000000000    0.000000000    0.000000000    0.673854522
     0.000000000    0.000000000    0.000000000    0.000000000   -0.532724120
     0.000000000    0.000000000    0.000000000    0.000000000    0.478644774
     0.000000000    0.000000000    0.000000000    0.000000000    0.000000000
     0.000000000    0.000000000    0.000000000    0.000000000    0.000000000
     0.000000000    0.000000000    0.000000000    0.000000000    0.000000000
     0.000000000    0.000000000    0.000000000    0.000000000    1.043864691
     0.000000000    0.000000000    0.000000000    0.000000000   -0.865589385
     0.000000000    0.000000000    0.000000000    0.000000000    0.730556099
     0.000000000    0.000000000    0.000000000    0.000000000    0.000000000
     0.000000000    0.000000000    0.000000000    0.000000000    0.000000000
     0.000000000    0.000000000    0.000000000    0.000000000    0.000000000
     0.000000000    0.000000000    0.000000000    0.000000000    0.000000000
     1.043864691    0.000000000    0.000000000    0.000000000    0.000000000
    -0.865589385    0.000000000    0.000000000    0.000000000    0.000000000
     0.730556099    0.047968222    0.299635501   -0.023866215    0.267587925
     0.000000000    0.000000000   -0.000198326    0.000000000    0.000000000
     0.037159793    0.000000000    0.000000000    0.017534077    0.000000000
     0.000000000    0.033304667    0.094208276    0.000000000    0.000000000
     0.000000000    0.000000000   -0.073063819    0.000000000    0.000000000
     0.000000000    0.000000000    0.069688149    0.000000000    0.000000000
     0.000000000    0.000000000    0.063622401    0.000000000    0.000000000
     0.000000000    0.000000000    0.006968630    0.000000000    0.000000000
    -0.020004100    0.000000000    0.000000000   -0.007755008    0.000000000
     0.000000000   -0.017167579    0.000000000    0.000000000    0.000000000
     0.025049685    0.000000000    0.000000000    0.000000000    0.000000000
    -0.019827409    0.000000000    0.000000000    0.000000000    0.000000000
     0.017793114    0.000000000    0.000000000    0.000000000    0.000000000
     0.000667833    0.000000000    0.000000000    0.000000000    0.000000000
     0.000000000    0.006968630    0.000000000    0.000000000   -0.020004100
     0.000000000    0.000000000   -0.007755008    0.000000000    0.000000000
    -0.017167579    0.000000000    0.000000000    0.000000000    0.025049685
     0.000000000    0.000000000    0.000000000    0.000000000   -0.019827409
     0.000000000    0.000000000    0.000000000    0.000000000    0.017793114
     0.000000000    0.000000000    0.000000000    0.000000000    0.000667833
     0.000000000    0.000000000    0.000000000    0.000000000    0.000000000
     0.000000000    0.000000000    0.000000000    0.000000000    0.000000000
     0.000000000    0.000000000    0.000000000    0.000000000    0.000000000
     0.000000000    0.000000000    0.000000000    0.000000000   -0.244206585
     0.000000000    0.000000000    0.000000000    0.000000000    0.202500027
     0.000000000    0.000000000    0.000000000    0.000000000   -0.170909708
     0.000000000    0.000000000    0.000000000    0.000000000    0.039983416
     0.000000000    0.000000000    0.000000000    0.000000000    0.000000000
     0.000000000    0.000000000    0.000000000    0.000000000    0.000000000
     0.000000000    0.000000000    0.000000000    0.000000000    0.000000000
     0.000000000    0.000000000    0.000000000    0.000000000    0.000000000
    -0.244206585    0.000000000    0.000000000    0.000000000    0.000000000
     0.202500027    0.000000000    0.000000000    0.000000000    0.000000000
    -0.170909708    0.000000000    0.000000000    0.000000000    0.000000000
     0.039983416    0.000000000    0.000000000    0.000000000    0.000000000
     0.000000000    0.000000000    0.000000000    0.000000000    0.000000000
     0.000000000    0.000000000    0.000000000    0.000000000    0.000000000
     0.000000000    0.000000000    0.000000000    0.000000000    0.000000000
     0.000000000    0.202485247    0.000000000    0.000000000    0.000000000
     0.000000000   -0.167904022    0.000000000    0.000000000    0.000000000
     0.000000000    0.141710734    0.000000000    0.000000000    0.000000000
     0.000000000   -0.033152472    0.027488556    0.000000000    0.000000000
     0.000000000    0.000000000    0.000000000    0.000000000    0.000000000
     0.000000000    0.000000000    0.000000000    0.000000000    0.000000000
     0.000000000    0.000000000    0.000000000    0.000000000    0.000000000
     0.000000000    0.000000000    0.202485247    0.000000000    0.000000000
     0.000000000    0.000000000   -0.167904022    0.000000000    0.000000000
     0.000000000    0.000000000    0.141710734    0.000000000    0.000000000
     0.000000000    0.000000000   -0.033152472    0.000000000    0.000000000
     0.027488556    0.202562233    0.722703857    0.038839599    0.659205679
     0.000000000    0.000000000    0.119175024    0.000000000    0.000000000
     0.823398452    0.000000000    0.000000000    0.473885437    0.000000000
     0.000000000    0.667899944    1.083927512    0.000000000    0.000000000
     0.000000000    0.000000000   -0.831614945    0.000000000    0.000000000
     0.000000000    0.000000000    0.794858834    0.000000000    0.000000000
     0.000000000    0.000000000    0.220733774    0.000000000    0.000000000
     0.000000000    0.000000000    0.000000000    0.000000000    1.442256150
     0.541197762    1.008701244    0.337523629    0.942533065    0.000000000
     0.000000000    0.266796075    0.000000000    0.000000000    0.712315178
     0.000000000    0.000000000    0.474175078    0.000000000    0.000000000
     0.561542751    0.911349766    0.000000000    0.000000000    0.000000000
     0.000000000   -0.700562333    0.000000000    0.000000000    0.000000000
     0.000000000    0.668611470    0.000000000    0.000000000    0.000000000
     0.000000000    0.244134071    0.000000000    0.000000000    0.000000000
     0.000000000    0.000000000    0.000000000    1.376078326    1.425064206
     0.000000000    0.000000000    0.000000000    0.000000000    0.074183945
     0.000000000    0.000000000   -0.054353720    0.000000000    0.000000000
     0.001105388    0.000000000    0.000000000   -0.053078660    0.000000000
     0.000000000    0.000000000    0.090586930    0.000000000    0.000000000
     0.000000000    0.000000000   -0.072042021    0.000000000    0.000000000
     0.000000000    0.000000000    0.064346508    0.000000000    0.000000000
     0.000000000    0.000000000    0.002505535    0.000000000    0.000000000
     0.000000000    0.000000000    0.000000000    0.000000000    0.000000000
     0.010666346    0.000000000    0.000000000    0.000000000    0.000000000
     0.000000000    0.074183945    0.000000000    0.000000000   -0.054353720
     0.000000000    0.000000000    0.001105388    0.000000000    0.000000000
    -0.053078660    0.000000000    0.000000000    0.000000000    0.090586930
     0.000000000    0.000000000    0.000000000    0.000000000   -0.072042021
     0.000000000    0.000000000    0.000000000    0.000000000    0.064346508
     0.000000000    0.000000000    0.000000000    0.000000000    0.002505535
     0.000000000    0.000000000    0.000000000    0.000000000    0.000000000
     0.000000000    0.000000000    0.010666346   -0.156610073   -0.184641689
    -0.124929933   -0.178392771    0.000000000    0.000000000   -0.283824580
     0.000000000    0.000000000   -0.233440469    0.000000000    0.000000000
    -0.235206119    0.000000000    0.000000000   -0.159855520   -0.186979099
     0.000000000    0.000000000    0.000000000    0.000000000    0.142566956
     0.000000000    0.000000000    0.000000000    0.000000000   -0.136753428
     0.000000000    0.000000000    0.000000000    0.000000000   -0.043859760
     0.000000000    0.000000000    0.000000000    0.000000000    0.000000000
     0.000000000   -0.298355561   -0.327109396    0.000000000    0.000000000
     0.104578751    0.219805235    0.693826713    0.063710058    0.627766407
     0.000000000    0.142835412   -0.065465794    0.000000000    0.726297086
    -0.315857008    0.000000000    0.440455500   -0.195203874    0.000000000
     0.577225573   -0.245202244   -0.258485368    0.000000000   -0.748112085
    -0.776784618    0.000000000    0.194945635    0.000000000    0.589709561
     0.644122294    0.000000000   -0.187579243    0.000000000   -0.531383257
    -0.543638218    0.000000000    0.101455713    0.000000000   -0.019296804
     0.127181266    0.000000000    0.000000000   -0.105453053   -0.005147675
     0.138600928    0.000000000   -0.063324340   -0.002647099    1.391688395
     0.586152274    1.102157831    0.361844783    1.022065511    0.000000000
     0.246748805   -0.103407427    0.000000000    0.698948144   -0.361822954
     0.000000000    0.467739156   -0.236189459    0.000000000    0.542766174
    -0.275496666   -0.247344880    0.000000000   -0.675386206   -0.416882371
     0.000000000    0.183941122    0.000000000    0.531563880    0.345685565
     0.000000000   -0.178828555    0.000000000   -0.479722657   -0.291758081
     0.000000000    0.162088244    0.000000000   -0.017203373    0.068255249
     0.000000000    0.000000000   -0.056594219    0.148072534    0.381414736
     0.000000000   -0.053307144   -0.048517239    1.314484958    1.453879477
     0.000000000    0.000000000    0.000000000    0.000000000    0.044357068
     0.000000000    0.000000000    0.177827705    0.000000000    0.000000000
     0.111608903    0.000000000    0.000000000    0.140236197    0.000000000
     0.000000000    0.000000000   -0.179342891    0.000000000    0.000000000
     0.289548507    0.000000000    0.141299194    0.000000000    0.000000000
    -0.240098277    0.000000000   -0.127386775    0.000000000    0.000000000
     0.202642573    0.000000000   -0.004607290    0.000000000    0.000000000
    -0.047407151    0.039307902    0.000000000    0.000000000    0.000000000
    -0.014849001    0.000000000    0.000000000    0.000000000    0.000000000
     0.092682131   -0.167237390   -0.180723676   -0.137591676   -0.174916970
     0.000000000   -0.253726044    0.150990202    0.000000000   -0.216114819
     0.087641698    0.000000000   -0.215844888    0.107214547    0.000000000
    -0.147166748    0.053028832    0.018845385    0.000000000    0.136495311
     0.099664687    0.000000000   -0.012578059    0.000000000   -0.106012379
    -0.082643561    0.000000000    0.013364296    0.000000000    0.096945752
     0.069751037    0.000000000   -0.024243482    0.000000000    0.003100330
    -0.016317884    0.000000000    0.000000000    0.013530064   -0.025903272
    -0.061425854    0.000000000    0.004091174   -0.005718161   -0.278351937
    -0.314080547    0.000000000    0.103197876    0.071955967    0.053419257
     0.065325989    0.053602492    0.000000000    0.162170949    0.008327914
     0.000000000    0.034363889   -0.054416167    0.000000000    0.083221464
    -0.025246361    0.000000000    0.009217544   -0.045263778   -0.065940366
     0.000000000    0.027961768   -0.174717887    0.000000000    0.050145024
     0.000000000   -0.023205171    0.144878881    0.000000000   -0.048239858
     0.000000000    0.019866166   -0.122277551    0.000000000    0.001036691
     0.000000000    0.001030587    0.028606182    0.000000000    0.000000000
    -0.023718975   -0.050746034   -0.023721277    0.000000000    0.007857565
     0.003929270    0.126622145    0.112754529    0.000000000   -0.040452819
     0.042150273    0.219805235    0.693826713    0.063710058    0.627766407
     0.135844549    0.044138570   -0.065465794    0.690749577    0.224438143
    -0.315857008    0.418898073    0.136108235   -0.195203874    0.548974143
     0.178372512   -0.245202244   -0.258485368   -0.711496874   -0.231179348
     0.628431957    0.456582543    0.194945635    0.560847121    0.182230276
    -0.521105883   -0.378605585   -0.187579243   -0.505375510   -0.164206457
     0.439812557    0.319542527    0.101455713   -0.018352352   -0.005963040
    -0.102891805   -0.074755272    0.061983749    0.085313312   -0.005147675
     0.138600928   -0.060225026   -0.019568297   -0.002647099    0.229671466
     0.522628338    0.231847122   -0.085224251   -0.037166234    1.391688395
     0.586152274    1.102157831    0.361844783    1.022065511    0.234672059
     0.076249574   -0.103407427    0.664739187    0.215986855   -0.361822954
     0.444846372    0.144539348   -0.236189459    0.516201307    0.167723972
    -0.275496666   -0.247344880   -0.642330452   -0.208705815    0.337264923
     0.245037310    0.183941122    0.505547291    0.164262272   -0.279665497
    -0.203188877   -0.178828555   -0.456243359   -0.148242454    0.236037246
     0.171491097    0.162088244   -0.016361380   -0.005316135   -0.055219656
    -0.040119429    0.033265247    0.045785685    0.148072534    0.381414736
    -0.050698106   -0.016472813   -0.048517239    0.522628338    0.867994990
     0.181003461   -0.162271462    0.018288408    1.314484958    1.453879477
    -0.159052210   -0.171878430   -0.130857460   -0.166355924   -0.225261640
    -0.087604429    0.143600216   -0.178496655   -0.115776803    0.083352208
    -0.184575833   -0.096236254    0.101967094   -0.119722209   -0.084465606
     0.050433416    0.017923027    0.106335446    0.092822518   -0.024091766
    -0.128101381   -0.011962445   -0.082396225   -0.072683048    0.019977280
     0.106223724    0.012710201    0.075523902    0.065929676   -0.016860793
    -0.089652659   -0.023056921    0.002364318    0.002265213    0.003944493
     0.020973762   -0.017390511   -0.003270598   -0.024635476   -0.058419459
     0.002282548    0.005566378   -0.005438295   -0.152697780   -0.210262477
    -0.053854585    0.061785912   -0.012240195   -0.264728423   -0.298708350
     0.102193711   -0.051679196   -0.055846687   -0.042518166   -0.054052316
    -0.087604429    0.015892664    0.046658539   -0.115776803    0.140209541
     0.027082774   -0.096236254    0.080339848    0.033131117   -0.084465606
     0.112791658    0.016386810    0.005823544    0.092822518   -0.149183026
    -0.186778708    0.204682010   -0.003886834   -0.072683048    0.117683041
     0.154879907   -0.169725613    0.004129795    0.065929676   -0.105964925
    -0.130718402    0.143248154   -0.007491648    0.002265213   -0.003871278
     0.030580874   -0.033512143    0.027786779   -0.025356301   -0.008004551
    -0.018981633    0.005566378   -0.013040375   -0.001767009    0.194163974
     0.121999881    0.018465275   -0.027779394    0.017554430   -0.086015479
    -0.097056226    0.003090500    0.093686295    0.071955967    0.053419257
     0.065325989    0.053602492    0.154233737    0.050113579    0.008327914
     0.032682001    0.010619026   -0.054416167    0.079148316    0.025716847
    -0.025246361    0.008766405    0.002848378   -0.045263778   -0.065940366
     0.026593222    0.008640661    0.141349739    0.102696597    0.050145024
    -0.022069429   -0.007170792   -0.117209477   -0.085157669   -0.048239858
     0.018893847    0.006138983    0.098924616    0.071872941    0.001036691
     0.000980146    0.000318469   -0.023142887   -0.016814292    0.013941663
     0.019189053   -0.050746034   -0.023721277    0.007472988    0.002428121
     0.003929270   -0.037166234    0.018288408    0.020477683   -0.006216500
    -0.004664867    0.126622145    0.112754529   -0.038472917   -0.012500608
     0.042150273    0.219805235    0.693826713    0.063710058    0.627766407
     0.083956549   -0.115556276   -0.065465794    0.426906716   -0.587586686
    -0.315857008    0.258893247   -0.356335985   -0.195203874    0.339284679
    -0.466985298   -0.245202244   -0.258485368   -0.439729251    0.605235391
    -0.240039648   -0.738766073    0.194945635    0.346622583   -0.477085057
     0.199044735    0.612596705   -0.187579243   -0.312339242    0.429898086
    -0.167993448   -0.517030670    0.101455713   -0.011342377    0.015611443
     0.039301172    0.120956571   -0.100291813   -0.032586785   -0.005147675
     0.138600928   -0.037221113    0.051230467   -0.002647099   -0.014094211
     0.119604750   -0.054904729    0.017303797    0.065888913    0.229671466
     0.522628338   -0.009408378   -0.246835458   -0.037166234    1.391688395
     0.586152274    1.102157831    0.361844783    1.022065511    0.145035308
    -0.199623976   -0.103407427    0.410831411   -0.565460926   -0.361822954
     0.274930178   -0.378408926   -0.236189459    0.319029953   -0.439107059
    -0.275496666   -0.247344880   -0.396982051    0.546398918   -0.128823737
    -0.396478696    0.183941122    0.312445409   -0.430044212    0.106822714
     0.328766509   -0.178828555   -0.281973903    0.388103782   -0.090158205
    -0.277478424    0.162088244   -0.010111889    0.013917821    0.021092032
     0.064914599   -0.053824301   -0.017488575    0.148072534    0.381414736
    -0.031333153    0.043126385   -0.048517239    0.119604750    0.391338313
     0.005500076   -0.029319412    0.062973851    0.522628338    0.867994990
    -0.098396186   -0.222289160    0.018288408    1.314484958    1.453879477
    -0.098299672   -0.106226711   -0.080874358   -0.102813615   -0.058628114
     0.141746943    0.088749814    0.041723910    0.187330802    0.051514497
    -0.001523600    0.155713531    0.063019130    0.040940922    0.136668222
     0.031169565    0.011077040   -0.070223476   -0.150189990    0.240887326
    -0.016672873   -0.007393198    0.055855147    0.117603642   -0.199747644
     0.013825414    0.007855336   -0.049881793   -0.106676456    0.168586702
    -0.011668628   -0.014249961   -0.001944373   -0.003665191   -0.039439961
     0.002729813   -0.002263440    0.032701863   -0.015225561   -0.036105211
    -0.008305331   -0.009006588   -0.003361051   -0.034247942   -0.012783863
     0.008232917   -0.007281254   -0.024677517    0.137474704    0.051054103
    -0.006684122   -0.003138662    0.012912827   -0.163611163   -0.184611913
     0.096315231    0.135297891    0.146208525    0.111314005    0.141510801
     0.141746943   -0.150740861   -0.122153640    0.187330802   -0.080011025
    -0.070903623    0.155713531   -0.102712386   -0.086738391    0.136668222
    -0.047871472   -0.042901226   -0.015246237   -0.150189990    0.027375896
     0.136946364   -0.129276418    0.010175863    0.117603642   -0.020568332
    -0.113558127    0.107198084   -0.010811943   -0.106676456    0.019440770
     0.095842883   -0.090475017    0.019613389   -0.003665191    0.000437413
    -0.022421932    0.021166148   -0.017550029    0.018591270    0.020956187
     0.049694560   -0.009006588   -0.002452495    0.004626090   -0.046271255
     0.026952766    0.009318019    0.005429551   -0.020344640    0.205224186
     0.237671535   -0.046459299   -0.074949858    0.017065735    0.225191447
     0.254096500   -0.005000534    0.099564775    0.071955967    0.053419257
     0.065325989    0.053602492    0.095321692   -0.131199053    0.008327914
     0.020198587   -0.027800971   -0.054416167    0.048916349   -0.067327579
    -0.025246361    0.005417936   -0.007457150   -0.045263778   -0.065940366
     0.016435515   -0.022621545   -0.053990796   -0.166166585    0.050145024
    -0.013639657    0.018773378    0.044770036    0.137788003   -0.048239858
     0.011677040   -0.016072066   -0.037785841   -0.116292861    0.001036691
     0.000605764   -0.000833762    0.008839796    0.027206096   -0.022558085
    -0.007329566   -0.050746034   -0.023721277    0.004618561   -0.006356904
     0.003929270    0.065888913    0.062973851   -0.031922810    0.001954079
     0.002374675   -0.037166234    0.018288408    0.000415709   -0.021396438
    -0.004664867    0.126622145    0.112754529   -0.023777570    0.032727018
     0.042150273    0.219805235    0.693826713    0.063710058    0.627766407
    -0.135844549    0.044138570   -0.065465794   -0.690749577    0.224438143
    -0.315857008   -0.418898073    0.136108235   -0.195203874   -0.548974143
     0.178372512   -0.245202244   -0.258485368    0.711496874   -0.231179348
     0.628431957   -0.456582543    0.194945635   -0.560847121    0.182230276
    -0.521105883    0.378605585   -0.187579243    0.505375510   -0.164206457
     0.439812557   -0.319542527    0.101455713    0.018352352   -0.005963040
    -0.102891805    0.074755272   -0.061983749    0.085313312   -0.005147675
     0.138600928    0.060225026   -0.019568297   -0.002647099    0.229671466
     0.522628338   -0.231847122   -0.085224251   -0.037166234   -0.014094211
     0.119604750    0.033423383   -0.046870333    0.065888913   -0.014094211
     0.119604750    0.054589775    0.018273125    0.065888913    1.391688395
     0.586152274    1.102157831    0.361844783    1.022065511   -0.234672059
     0.076249574   -0.103407427   -0.664739187    0.215986855   -0.361822954
    -0.444846372    0.144539348   -0.236189459   -0.516201307    0.167723972
    -0.275496666   -0.247344880    0.642330452   -0.208705815    0.337264923
    -0.245037310    0.183941122   -0.505547291    0.164262272   -0.279665497
     0.203188877   -0.178828555    0.456243359   -0.148242454    0.236037246
    -0.171491097    0.162088244    0.016361380   -0.005316135   -0.055219656
     0.040119429   -0.033265247    0.045785685    0.148072534    0.381414736
     0.050698106   -0.016472813   -0.048517239    0.522628338    0.867994990
    -0.181003461   -0.162271462    0.018288408    0.119604750    0.391338313
    -0.029584035   -0.003829313    0.062973851    0.119604750    0.391338313
    -0.021683173    0.020487039    0.062973851    1.314484958    1.453879477
     0.159052210    0.171878430    0.130857460    0.166355924   -0.225261640
     0.087604429   -0.143600216   -0.178496655    0.115776803   -0.083352208
    -0.184575833    0.096236254   -0.101967094   -0.119722209    0.084465606
    -0.050433416   -0.017923027    0.106335446   -0.092822518    0.024091766
    -0.128101381    0.011962445   -0.082396225    0.072683048   -0.019977280
     0.106223724   -0.012710201    0.075523902   -0.065929676    0.016860793
    -0.089652659    0.023056921    0.002364318   -0.002265213   -0.003944493
     0.020973762   -0.017390511    0.003270598    0.024635476    0.058419459
     0.002282548   -0.005566378    0.005438295    0.152697780    0.210262477
    -0.053854585   -0.061785912    0.012240195   -0.033423383    0.029584035
     0.005098658    0.008299637   -0.011723131    0.000509606    0.026184801
     0.006295839   -0.006651860    0.008006251    0.264728423    0.298708350
     0.102193711   -0.051679196   -0.055846687   -0.042518166   -0.054052316
     0.087604429    0.015892664    0.046658539    0.115776803    0.140209541
     0.027082774    0.096236254    0.080339848    0.033131117    0.084465606
     0.112791658    0.016386810    0.005823544   -0.092822518   -0.149183026
    -0.186778708   -0.204682010   -0.003886834    0.072683048    0.117683041
     0.154879907    0.169725613    0.004129795   -0.065929676   -0.105964925
    -0.130718402   -0.143248154   -0.007491648   -0.002265213   -0.003871278
     0.030580874    0.033512143   -0.027786779   -0.025356301   -0.008004551
    -0.018981633   -0.005566378   -0.013040375   -0.001767009    0.194163974
     0.121999881   -0.018465275   -0.027779394    0.017554430   -0.046870333
    -0.003829313   -0.008299637    0.008563809   -0.029756553    0.057564668
    -0.014291080    0.009947414    0.007366629    0.030964240   -0.086015479
    -0.097056226   -0.003090500    0.093686295    0.071955967    0.053419257
     0.065325989    0.053602492   -0.154233737    0.050113579    0.008327914
    -0.032682001    0.010619026   -0.054416167   -0.079148316    0.025716847
    -0.025246361   -0.008766405    0.002848378   -0.045263778   -0.065940366
    -0.026593222    0.008640661    0.141349739   -0.102696597    0.050145024
     0.022069429   -0.007170792   -0.117209477    0.085157669   -0.048239858
    -0.018893847    0.006138983    0.098924616   -0.071872941    0.001036691
    -0.000980146    0.000318469   -0.023142887    0.016814292   -0.013941663
     0.019189053   -0.050746034   -0.023721277   -0.007472988    0.002428121
     0.003929270   -0.037166234    0.018288408   -0.020477683   -0.006216500
    -0.004664867    0.065888913    0.062973851    0.011723131   -0.029756553
     0.002374675    0.065888913    0.062973851    0.026974675    0.017182874
     0.002374675    0.126622145    0.112754529    0.038472917   -0.012500608
     0.042150273    0.219805235    0.693826713    0.063710058    0.627766407
    -0.083956549   -0.115556276   -0.065465794   -0.426906716   -0.587586686
    -0.315857008   -0.258893247   -0.356335985   -0.195203874   -0.339284679
    -0.466985298   -0.245202244   -0.258485368    0.439729251    0.605235391
    -0.240039648    0.738766073    0.194945635   -0.346622583   -0.477085057
     0.199044735   -0.612596705   -0.187579243    0.312339242    0.429898086
    -0.167993448    0.517030670    0.101455713    0.011342377    0.015611443
     0.039301172   -0.120956571    0.100291813   -0.032586785   -0.005147675
     0.138600928    0.037221113    0.051230467   -0.002647099   -0.014094211
     0.119604750    0.054904729    0.017303797    0.065888913   -0.014094211
     0.119604750   -0.000509606    0.057564668    0.065888913    0.229671466
     0.522628338   -0.237661820   -0.067328452   -0.037166234    0.229671466
     0.522628338    0.009408378   -0.246835458   -0.037166234    1.391688395
     0.586152274    1.102157831    0.361844783    1.022065511   -0.145035308
    -0.199623976   -0.103407427   -0.410831411   -0.565460926   -0.361822954
    -0.274930178   -0.378408926   -0.236189459   -0.319029953   -0.439107059
    -0.275496666   -0.247344880    0.396982051    0.546398918   -0.128823737
     0.396478696    0.183941122   -0.312445409   -0.430044212    0.106822714
    -0.328766509   -0.178828555    0.281973903    0.388103782   -0.090158205
     0.277478424    0.162088244    0.010111889    0.013917821    0.021092032
    -0.064914599    0.053824301   -0.017488575    0.148072534    0.381414736
     0.031333153    0.043126385   -0.048517239    0.119604750    0.391338313
    -0.005500076   -0.029319412    0.062973851    0.119604750    0.391338313
    -0.026184801   -0.014291080    0.062973851    0.522628338    0.867994990
    -0.241815648    0.024889206    0.018288408    0.522628338    0.867994990
     0.098396186   -0.222289160    0.018288408    1.314484958    1.453879477
     0.098299672    0.106226711    0.080874358    0.102813615   -0.058628114
    -0.141746943   -0.088749814    0.041723910   -0.187330802   -0.051514497
    -0.001523600   -0.155713531   -0.063019130    0.040940922   -0.136668222
    -0.031169565   -0.011077040   -0.070223476    0.150189990   -0.240887326
    -0.016672873    0.007393198    0.055855147   -0.117603642    0.199747644
     0.013825414   -0.007855336   -0.049881793    0.106676456   -0.168586702
    -0.011668628    0.014249961   -0.001944373    0.003665191    0.039439961
     0.002729813   -0.002263440   -0.032701863    0.015225561    0.036105211
    -0.008305331    0.009006588    0.003361051    0.034247942    0.012783863
     0.008232917    0.007281254    0.024677517   -0.054589775    0.021683173
     0.006295839   -0.009947414   -0.026974675    0.237661820    0.241815648
    -0.083007535    0.021660318    0.020220761   -0.137474704   -0.051054103
    -0.006684122    0.003138662   -0.012912827    0.163611163    0.184611913
     0.096315231    0.135297891    0.146208525    0.111314005    0.141510801
    -0.141746943   -0.150740861   -0.122153640   -0.187330802   -0.080011025
    -0.070903623   -0.155713531   -0.102712386   -0.086738391   -0.136668222
    -0.047871472   -0.042901226   -0.015246237    0.150189990    0.027375896
     0.136946364    0.129276418    0.010175863   -0.117603642   -0.020568332
    -0.113558127   -0.107198084   -0.010811943    0.106676456    0.019440770
     0.095842883    0.090475017    0.019613389    0.003665191    0.000437413
    -0.022421932   -0.021166148    0.017550029    0.018591270    0.020956187
     0.049694560    0.009006588   -0.002452495    0.004626090   -0.046271255
     0.026952766   -0.009318019    0.005429551   -0.020344640    0.018273125
     0.020487039    0.006651860    0.007366629    0.017182874   -0.067328452
     0.024889206   -0.021660318    0.001373555   -0.007007226    0.205224186
     0.237671535    0.046459299   -0.074949858    0.017065735    0.225191447
     0.254096500    0.005000534    0.099564775    0.071955967    0.053419257
     0.065325989    0.053602492   -0.095321692   -0.131199053    0.008327914
    -0.020198587   -0.027800971   -0.054416167   -0.048916349   -0.067327579
    -0.025246361   -0.005417936   -0.007457150   -0.045263778   -0.065940366
    -0.016435515   -0.022621545   -0.053990796    0.166166585    0.050145024
     0.013639657    0.018773378    0.044770036   -0.137788003   -0.048239858
    -0.011677040   -0.016072066   -0.037785841    0.116292861    0.001036691
    -0.000605764   -0.000833762    0.008839796   -0.027206096    0.022558085
    -0.007329566   -0.050746034   -0.023721277   -0.004618561   -0.006356904
     0.003929270    0.065888913    0.062973851    0.031922810    0.001954079
     0.002374675    0.065888913    0.062973851   -0.008006251    0.030964240
     0.002374675   -0.037166234    0.018288408   -0.020220761   -0.007007226
    -0.004664867   -0.037166234    0.018288408   -0.000415709   -0.021396438
    -0.004664867    0.126622145    0.112754529    0.023777570    0.032727018
     0.042150273
