 WH6...b3lyp/vdz
 Basis set information needed for plotting orbitals
 ---------------------------------------------------------------------------
      7    30    69     1
 ---------------------------------------------------------------------------
   74      0.000000      0.000000      0.021941
    1      0.000000      0.000000      1.757936
    1      0.000000      1.529392     -0.676319
    1      1.454538      0.472608     -0.676319
    1      0.898954     -1.237304     -0.676319
    1     -1.454538      0.472608     -0.676319
    1     -0.898954     -1.237304     -0.676319
 ---------------------------------------------------------------------------
      1     1     1     5
     51
      1     1     6     5
     51
      1     1    11     5
     51
      1     1    16     1
     51
      1     3    17     4
    151   152   153
      1     3    21     4
    151   152   153
      1     3    25     4
    151   152   153
      1     3    29     1
    151   152   153
      1     5    30     4
    255   252   253   254   251
      1     5    34     4
    255   252   253   254   251
      1     5    38     1
    255   252   253   254   251
      1     7    39     1
    351   352   353   354   355   356   357
      2     1    40     3
     51
      2     1    43     1
     51
      2     3    44     1
    151   152   153
      3     1    45     3
     51
      3     1    48     1
     51
      3     3    49     1
    151   152   153
      4     1    50     3
     51
      4     1    53     1
     51
      4     3    54     1
    151   152   153
      5     1    55     3
     51
      5     1    58     1
     51
      5     3    59     1
    151   152   153
      6     1    60     3
     51
      6     1    63     1
     51
      6     3    64     1
    151   152   153
      7     1    65     3
     51
      7     1    68     1
     51
      7     3    69     1
    151   152   153
 ---------------------------------------------------------------------------
     0.195385000E+02   0.122602000E+02   0.472037000E+01   0.100957000E+01
     0.463456000E+00   0.195385000E+02   0.472037000E+01   0.100957000E+01
     0.463456000E+00   0.113792000E+00   0.311844000E+02   0.195385000E+02
     0.122602000E+02   0.472037000E+01   0.100957000E+01   0.416420000E-01
     0.778738000E+01   0.504930000E+01   0.318602000E+01   0.105937000E+01
     0.504930000E+01   0.105937000E+01   0.449106000E+00   0.127625000E+00
     0.504930000E+01   0.318602000E+01   0.105937000E+01   0.449106000E+00
     0.427440000E-01   0.522463000E+01   0.129529000E+01   0.539761000E+00
     0.208927000E+00   0.830983000E+01   0.522463000E+01   0.129529000E+01
     0.539761000E+00   0.731130000E-01   0.476900000E+00   0.130100000E+02
     0.196200000E+01   0.444600000E+00   0.122000000E+00   0.727000000E+00
     0.130100000E+02   0.196200000E+01   0.444600000E+00   0.122000000E+00
     0.727000000E+00   0.130100000E+02   0.196200000E+01   0.444600000E+00
     0.122000000E+00   0.727000000E+00   0.130100000E+02   0.196200000E+01
     0.444600000E+00   0.122000000E+00   0.727000000E+00   0.130100000E+02
     0.196200000E+01   0.444600000E+00   0.122000000E+00   0.727000000E+00
     0.130100000E+02   0.196200000E+01   0.444600000E+00   0.122000000E+00
     0.727000000E+00

    -0.250192233E+00   0.603722811E+00  -0.648931050E+00  -0.470163262E-02
     0.435632875E+00  -0.619297932E-02   0.660840397E-01  -0.182222375E+00
    -0.110599945E+00   0.171733520E+00   0.394665056E+00  -0.180721030E+01
     0.280414458E+01  -0.248104869E+01   0.101488186E+01   0.656990027E-01
     0.000000000E+00   0.000000000E+00   0.000000000E+00   0.000000000E+00
     0.000000000E+00   0.000000000E+00   0.000000000E+00   0.000000000E+00
     0.000000000E+00   0.000000000E+00   0.000000000E+00   0.000000000E+00
     0.000000000E+00   0.000000000E+00   0.000000000E+00   0.000000000E+00
     0.000000000E+00   0.000000000E+00   0.000000000E+00   0.000000000E+00
     0.000000000E+00   0.000000000E+00   0.000000000E+00   0.163548423E+00
     0.277417541E+00   0.315749307E+00   0.147122794E+00   0.000000000E+00
     0.163548423E+00   0.277417541E+00   0.315749307E+00   0.147122794E+00
     0.000000000E+00   0.163548423E+00   0.277417541E+00   0.315749307E+00
     0.147122794E+00   0.000000000E+00   0.163548423E+00   0.277417541E+00
     0.315749307E+00   0.147122794E+00   0.000000000E+00   0.163548423E+00
     0.277417541E+00   0.315749307E+00   0.147122794E+00   0.000000000E+00
     0.163548423E+00   0.277417541E+00   0.315749307E+00   0.147122794E+00
     0.000000000E+00

     0.000000000E+00   0.000000000E+00   0.000000000E+00   0.000000000E+00
     0.000000000E+00   0.000000000E+00   0.000000000E+00   0.000000000E+00
     0.000000000E+00   0.000000000E+00   0.000000000E+00   0.000000000E+00
     0.000000000E+00   0.000000000E+00   0.000000000E+00   0.000000000E+00
     0.392968541E+01  -0.630165570E+01   0.658897188E+00   0.170474126E+01
     0.567684284E-01  -0.171135211E+00  -0.342430031E-01   0.115622307E+00
    -0.799600387E+00   0.229721874E+01  -0.196291382E+01   0.904306049E+00
     0.277034617E-01   0.000000000E+00   0.000000000E+00   0.000000000E+00
     0.000000000E+00   0.000000000E+00   0.000000000E+00   0.000000000E+00
     0.000000000E+00   0.000000000E+00   0.000000000E+00   0.000000000E+00
     0.000000000E+00   0.000000000E+00   0.000000000E+00   0.956881375E+00
     0.000000000E+00   0.000000000E+00   0.000000000E+00   0.000000000E+00
     0.956881375E+00   0.000000000E+00   0.000000000E+00   0.000000000E+00
     0.000000000E+00   0.956881375E+00   0.000000000E+00   0.000000000E+00
     0.000000000E+00   0.000000000E+00   0.956881375E+00   0.000000000E+00
     0.000000000E+00   0.000000000E+00   0.000000000E+00   0.956881375E+00
     0.000000000E+00   0.000000000E+00   0.000000000E+00   0.000000000E+00
     0.956881375E+00

     0.000000000E+00   0.000000000E+00   0.000000000E+00   0.000000000E+00
     0.000000000E+00   0.000000000E+00   0.000000000E+00   0.000000000E+00
     0.000000000E+00   0.000000000E+00   0.000000000E+00   0.000000000E+00
     0.000000000E+00   0.000000000E+00   0.000000000E+00   0.000000000E+00
     0.000000000E+00   0.000000000E+00   0.000000000E+00   0.000000000E+00
     0.000000000E+00   0.000000000E+00   0.000000000E+00   0.000000000E+00
     0.000000000E+00   0.000000000E+00   0.000000000E+00   0.000000000E+00
     0.000000000E+00   0.332960574E-01  -0.102585312E+00   0.123422931E-01
     0.526063259E-01  -0.109830345E+01   0.173851710E+01  -0.570105717E+00
    -0.184868147E+00   0.845999328E-02   0.000000000E+00   0.000000000E+00
     0.000000000E+00   0.000000000E+00   0.000000000E+00   0.000000000E+00
     0.000000000E+00   0.000000000E+00   0.000000000E+00   0.000000000E+00
     0.000000000E+00   0.000000000E+00   0.000000000E+00   0.000000000E+00
     0.000000000E+00   0.000000000E+00   0.000000000E+00   0.000000000E+00
     0.000000000E+00   0.000000000E+00   0.000000000E+00   0.000000000E+00
     0.000000000E+00   0.000000000E+00   0.000000000E+00   0.000000000E+00
     0.000000000E+00   0.000000000E+00   0.000000000E+00   0.000000000E+00
     0.000000000E+00

     0.000000000E+00   0.000000000E+00   0.000000000E+00   0.000000000E+00
     0.000000000E+00   0.000000000E+00   0.000000000E+00   0.000000000E+00
     0.000000000E+00   0.000000000E+00   0.000000000E+00   0.000000000E+00
     0.000000000E+00   0.000000000E+00   0.000000000E+00   0.000000000E+00
     0.000000000E+00   0.000000000E+00   0.000000000E+00   0.000000000E+00
     0.000000000E+00   0.000000000E+00   0.000000000E+00   0.000000000E+00
     0.000000000E+00   0.000000000E+00   0.000000000E+00   0.000000000E+00
     0.000000000E+00   0.000000000E+00   0.000000000E+00   0.000000000E+00
     0.000000000E+00   0.000000000E+00   0.000000000E+00   0.000000000E+00
     0.000000000E+00   0.000000000E+00   0.139118834E+00   0.000000000E+00
     0.000000000E+00   0.000000000E+00   0.000000000E+00   0.000000000E+00
     0.000000000E+00   0.000000000E+00   0.000000000E+00   0.000000000E+00
     0.000000000E+00   0.000000000E+00   0.000000000E+00   0.000000000E+00
     0.000000000E+00   0.000000000E+00   0.000000000E+00   0.000000000E+00
     0.000000000E+00   0.000000000E+00   0.000000000E+00   0.000000000E+00
     0.000000000E+00   0.000000000E+00   0.000000000E+00   0.000000000E+00
     0.000000000E+00   0.000000000E+00   0.000000000E+00   0.000000000E+00
     0.000000000E+00

     0.000000000E+00   0.000000000E+00   0.000000000E+00   0.000000000E+00
     0.000000000E+00   0.000000000E+00   0.000000000E+00   0.000000000E+00
     0.000000000E+00   0.000000000E+00   0.000000000E+00   0.000000000E+00
     0.000000000E+00   0.000000000E+00   0.000000000E+00   0.000000000E+00
     0.000000000E+00   0.000000000E+00   0.000000000E+00   0.000000000E+00
     0.000000000E+00   0.000000000E+00   0.000000000E+00   0.000000000E+00
     0.000000000E+00   0.000000000E+00   0.000000000E+00   0.000000000E+00
     0.000000000E+00   0.000000000E+00   0.000000000E+00   0.000000000E+00
     0.000000000E+00   0.000000000E+00   0.000000000E+00   0.000000000E+00
     0.000000000E+00   0.000000000E+00   0.000000000E+00   0.000000000E+00
     0.000000000E+00   0.000000000E+00   0.000000000E+00   0.000000000E+00
     0.000000000E+00   0.000000000E+00   0.000000000E+00   0.000000000E+00
     0.000000000E+00   0.000000000E+00   0.000000000E+00   0.000000000E+00
     0.000000000E+00   0.000000000E+00   0.000000000E+00   0.000000000E+00
     0.000000000E+00   0.000000000E+00   0.000000000E+00   0.000000000E+00
     0.000000000E+00   0.000000000E+00   0.000000000E+00   0.000000000E+00
     0.000000000E+00   0.000000000E+00   0.000000000E+00   0.000000000E+00
     0.000000000E+00

     0.000000000E+00   0.000000000E+00   0.000000000E+00   0.000000000E+00
     0.000000000E+00   0.000000000E+00   0.000000000E+00   0.000000000E+00
     0.000000000E+00   0.000000000E+00   0.000000000E+00   0.000000000E+00
     0.000000000E+00   0.000000000E+00   0.000000000E+00   0.000000000E+00
     0.000000000E+00   0.000000000E+00   0.000000000E+00   0.000000000E+00
     0.000000000E+00   0.000000000E+00   0.000000000E+00   0.000000000E+00
     0.000000000E+00   0.000000000E+00   0.000000000E+00   0.000000000E+00
     0.000000000E+00   0.000000000E+00   0.000000000E+00   0.000000000E+00
     0.000000000E+00   0.000000000E+00   0.000000000E+00   0.000000000E+00
     0.000000000E+00   0.000000000E+00   0.000000000E+00   0.000000000E+00
     0.000000000E+00   0.000000000E+00   0.000000000E+00   0.000000000E+00
     0.000000000E+00   0.000000000E+00   0.000000000E+00   0.000000000E+00
     0.000000000E+00   0.000000000E+00   0.000000000E+00   0.000000000E+00
     0.000000000E+00   0.000000000E+00   0.000000000E+00   0.000000000E+00
     0.000000000E+00   0.000000000E+00   0.000000000E+00   0.000000000E+00
     0.000000000E+00   0.000000000E+00   0.000000000E+00   0.000000000E+00
     0.000000000E+00   0.000000000E+00   0.000000000E+00   0.000000000E+00
     0.000000000E+00

     0.000000000E+00   0.000000000E+00   0.000000000E+00   0.000000000E+00
     0.000000000E+00   0.000000000E+00   0.000000000E+00   0.000000000E+00
     0.000000000E+00   0.000000000E+00   0.000000000E+00   0.000000000E+00
     0.000000000E+00   0.000000000E+00   0.000000000E+00   0.000000000E+00
     0.000000000E+00   0.000000000E+00   0.000000000E+00   0.000000000E+00
     0.000000000E+00   0.000000000E+00   0.000000000E+00   0.000000000E+00
     0.000000000E+00   0.000000000E+00   0.000000000E+00   0.000000000E+00
     0.000000000E+00   0.000000000E+00   0.000000000E+00   0.000000000E+00
     0.000000000E+00   0.000000000E+00   0.000000000E+00   0.000000000E+00
     0.000000000E+00   0.000000000E+00   0.000000000E+00   0.000000000E+00
     0.000000000E+00   0.000000000E+00   0.000000000E+00   0.000000000E+00
     0.000000000E+00   0.000000000E+00   0.000000000E+00   0.000000000E+00
     0.000000000E+00   0.000000000E+00   0.000000000E+00   0.000000000E+00
     0.000000000E+00   0.000000000E+00   0.000000000E+00   0.000000000E+00
     0.000000000E+00   0.000000000E+00   0.000000000E+00   0.000000000E+00
     0.000000000E+00   0.000000000E+00   0.000000000E+00   0.000000000E+00
     0.000000000E+00   0.000000000E+00   0.000000000E+00   0.000000000E+00
     0.000000000E+00
