 WH6...b3lyp/vdz
 PNBOs in the AO basis:
 -------------------------------------------------------------------------------
     0.364668127   -0.010326267    0.658415209    0.000773312    0.000000000
     0.000000000    0.000000000    0.000000000    0.000000000    0.000000000
     0.000000000    0.000000000    0.000000000    0.000000000    0.000000000
     0.000000000    0.000000000    0.000000000    0.000000000    0.000000000
     0.000000000    0.000000000    0.000000000    0.000000000    0.000000000
     0.000000000    0.000000000    0.000000000    0.000000000    0.000000000
     0.000000000    0.000000000    0.000000000    0.000000000    0.000000000
     0.000000000    0.000000000    0.000000000    0.000000000    0.000000000
     0.000000000    0.000000000    0.000000000    0.000000000    0.000000000
     0.000000000    0.000000000    0.000000000    0.000000000    0.000000000
     0.000000000    0.000000000    0.000000000    0.000000000    0.000000000
     0.000000000    0.000000000    0.000000000    0.000000000    0.000000000
     0.000000000    0.000000000    0.000000000    0.000000000    0.000000000
     0.000000000    0.000000000    0.000000000
     0.000000000    0.000000000    0.000000000    0.000000000    0.878556400
     0.000000000    0.000000000    0.039404230    0.000000000    0.000000000
     0.237128026    0.000000000    0.000000000   -0.010710363    0.000000000
     0.000000000    0.000000000    0.000000000    0.000000000    0.000000000
     0.000000000    0.000000000    0.000000000    0.000000000    0.000000000
     0.000000000    0.000000000    0.000000000    0.000000000    0.000000000
     0.000000000    0.000000000    0.000000000    0.000000000    0.000000000
     0.000000000    0.000000000    0.000000000    0.000000000    0.000000000
     0.000000000    0.000000000    0.000000000    0.000000000    0.000000000
     0.000000000    0.000000000    0.000000000    0.000000000    0.000000000
     0.000000000    0.000000000    0.000000000    0.000000000    0.000000000
     0.000000000    0.000000000    0.000000000    0.000000000    0.000000000
     0.000000000    0.000000000    0.000000000    0.000000000    0.000000000
     0.000000000    0.000000000    0.000000000
     0.000000000    0.000000000    0.000000000    0.000000000    0.000000000
     0.878556400    0.000000000    0.000000000    0.039404230    0.000000000
     0.000000000    0.237128026    0.000000000    0.000000000   -0.010710363
     0.000000000    0.000000000    0.000000000    0.000000000    0.000000000
     0.000000000    0.000000000    0.000000000    0.000000000    0.000000000
     0.000000000    0.000000000    0.000000000    0.000000000    0.000000000
     0.000000000    0.000000000    0.000000000    0.000000000    0.000000000
     0.000000000    0.000000000    0.000000000    0.000000000    0.000000000
     0.000000000    0.000000000    0.000000000    0.000000000    0.000000000
     0.000000000    0.000000000    0.000000000    0.000000000    0.000000000
     0.000000000    0.000000000    0.000000000    0.000000000    0.000000000
     0.000000000    0.000000000    0.000000000    0.000000000    0.000000000
     0.000000000    0.000000000    0.000000000    0.000000000    0.000000000
     0.000000000    0.000000000    0.000000000
     0.000000000    0.000000000    0.000000000    0.000000000    0.000000000
     0.000000000    0.878556400    0.000000000    0.000000000    0.039404230
     0.000000000    0.000000000    0.237128026    0.000000000    0.000000000
    -0.010710363    0.000000000    0.000000000    0.000000000    0.000000000
     0.000000000    0.000000000    0.000000000    0.000000000    0.000000000
     0.000000000    0.000000000    0.000000000    0.000000000    0.000000000
     0.000000000    0.000000000    0.000000000    0.000000000    0.000000000
     0.000000000    0.000000000    0.000000000    0.000000000    0.000000000
     0.000000000    0.000000000    0.000000000    0.000000000    0.000000000
     0.000000000    0.000000000    0.000000000    0.000000000    0.000000000
     0.000000000    0.000000000    0.000000000    0.000000000    0.000000000
     0.000000000    0.000000000    0.000000000    0.000000000    0.000000000
     0.000000000    0.000000000    0.000000000    0.000000000    0.000000000
     0.000000000    0.000000000    0.000000000
    -0.083399220    0.212039274    0.004248810    0.062039824    0.000000000
     0.000000000   -0.015854513    0.000000000    0.000000000    0.060222721
     0.000000000    0.000000000   -0.010365333    0.000000000    0.000000000
     0.000393825    0.246932496    0.000000000    0.000000000    0.000000000
     0.000000000   -0.192655335    0.000000000    0.000000000    0.000000000
     0.000000000    0.095368213    0.000000000    0.000000000    0.000000000
     0.000000000    0.019443507    0.000000000    0.000000000    0.000000000
     0.000000000    0.000000000    0.000000000    0.337460244    0.324744322
     0.000000000    0.000000000   -0.026687340    0.000000000    0.000000000
     0.000000000    0.000000000    0.000000000    0.000000000    0.000000000
     0.000000000    0.000000000    0.000000000    0.000000000    0.000000000
     0.000000000    0.000000000    0.000000000    0.000000000    0.000000000
     0.000000000    0.000000000    0.000000000    0.000000000    0.000000000
     0.000000000    0.000000000    0.000000000
    -0.074410275    0.204243900    0.005242187    0.038851585    0.000000000
    -0.010796143    0.005430636    0.000000000    0.043414032   -0.019225824
     0.000000000   -0.010582780    0.003735937    0.000000000    0.006950032
    -0.003550157   -0.062233434    0.000000000   -0.188625161   -0.203152509
     0.000000000    0.051103913    0.000000000    0.153920501    0.133335046
     0.000000000   -0.029356232    0.000000000   -0.078924348   -0.085439323
     0.000000000    0.007535066    0.000000000   -0.002465300    0.012343582
     0.000000000    0.000000000   -0.008307564    0.000000000    0.000000000
     0.000000000    0.000000000    0.000000000    0.287295765    0.334945296
     0.000000000   -0.018271522    0.009189586    0.000000000    0.000000000
     0.000000000    0.000000000    0.000000000    0.000000000    0.000000000
     0.000000000    0.000000000    0.000000000    0.000000000    0.000000000
     0.000000000    0.000000000    0.000000000    0.000000000    0.000000000
     0.000000000    0.000000000    0.000000000
    -0.074410275    0.204243900    0.005242187    0.038851585   -0.010267742
    -0.003336192    0.005430636    0.041289198    0.013415674   -0.019225824
    -0.010064822   -0.003270259    0.003735937    0.006609874    0.002147678
    -0.003550157   -0.062233434   -0.179393189   -0.058288380    0.164353832
     0.119410049    0.051103913    0.146387096    0.047564051   -0.107870318
    -0.078372373   -0.029356232   -0.075061515   -0.024388965    0.069121864
     0.050219974    0.007535066   -0.002344639   -0.000761819   -0.009986168
    -0.007255376    0.004883064    0.006720961    0.000000000    0.000000000
     0.000000000    0.000000000    0.000000000    0.000000000    0.000000000
     0.000000000    0.000000000    0.000000000    0.287295765    0.334945296
    -0.017377250   -0.005646211    0.009189586    0.000000000    0.000000000
     0.000000000    0.000000000    0.000000000    0.000000000    0.000000000
     0.000000000    0.000000000    0.000000000    0.000000000    0.000000000
     0.000000000    0.000000000    0.000000000
    -0.074410275    0.204243900    0.005242187    0.038851585   -0.006345814
     0.008734263    0.005430636    0.025518128   -0.035122690   -0.019225824
    -0.006220402    0.008561649    0.003735937    0.004085127   -0.005622694
    -0.003550157   -0.062233434   -0.110871088    0.152600961   -0.062777578
    -0.193209518    0.051103913    0.090472201   -0.124524301    0.041202795
     0.126809164   -0.029356232   -0.046390568    0.063851138   -0.026402203
    -0.081257625    0.007535066   -0.001449067    0.001994469    0.003814377
     0.011739444   -0.007900963   -0.002567178    0.000000000    0.000000000
     0.000000000    0.000000000    0.000000000    0.000000000    0.000000000
     0.000000000    0.000000000    0.000000000    0.000000000    0.000000000
     0.000000000    0.000000000    0.000000000    0.287295765    0.334945296
    -0.010739731    0.014781972    0.009189586    0.000000000    0.000000000
     0.000000000    0.000000000    0.000000000    0.000000000    0.000000000
     0.000000000    0.000000000    0.000000000
    -0.074410275    0.204243900    0.005242187    0.038851585    0.010267742
    -0.003336192    0.005430636   -0.041289198    0.013415674   -0.019225824
     0.010064822   -0.003270259    0.003735937   -0.006609874    0.002147678
    -0.003550157   -0.062233434    0.179393189   -0.058288380    0.164353832
    -0.119410049    0.051103913   -0.146387096    0.047564051   -0.107870318
     0.078372373   -0.029356232    0.075061515   -0.024388965    0.069121864
    -0.050219974    0.007535066    0.002344639   -0.000761819   -0.009986168
     0.007255376   -0.004883064    0.006720961    0.000000000    0.000000000
     0.000000000    0.000000000    0.000000000    0.000000000    0.000000000
     0.000000000    0.000000000    0.000000000    0.000000000    0.000000000
     0.000000000    0.000000000    0.000000000    0.000000000    0.000000000
     0.000000000    0.000000000    0.000000000    0.287295765    0.334945296
     0.017377250   -0.005646211    0.009189586    0.000000000    0.000000000
     0.000000000    0.000000000    0.000000000
    -0.074410275    0.204243900    0.005242187    0.038851585    0.006345814
     0.008734263    0.005430636   -0.025518128   -0.035122690   -0.019225824
     0.006220402    0.008561649    0.003735937   -0.004085127   -0.005622694
    -0.003550157   -0.062233434    0.110871088    0.152600961   -0.062777578
     0.193209518    0.051103913   -0.090472201   -0.124524301    0.041202795
    -0.126809164   -0.029356232    0.046390568    0.063851138   -0.026402203
     0.081257625    0.007535066    0.001449067    0.001994469    0.003814377
    -0.011739444    0.007900963   -0.002567178    0.000000000    0.000000000
     0.000000000    0.000000000    0.000000000    0.000000000    0.000000000
     0.000000000    0.000000000    0.000000000    0.000000000    0.000000000
     0.000000000    0.000000000    0.000000000    0.000000000    0.000000000
     0.000000000    0.000000000    0.000000000    0.000000000    0.000000000
     0.000000000    0.000000000    0.000000000    0.287295765    0.334945296
     0.010739731    0.014781972    0.009189586
     0.199493180   -0.507203656   -0.010163269   -0.148400930    0.000000000
     0.000000000    0.037924422    0.000000000    0.000000000   -0.144054371
     0.000000000    0.000000000    0.024794156    0.000000000    0.000000000
    -0.000942040   -0.590669183    0.000000000    0.000000000    0.000000000
     0.000000000    0.460836751    0.000000000    0.000000000    0.000000000
     0.000000000   -0.228123334    0.000000000    0.000000000    0.000000000
     0.000000000   -0.046509392    0.000000000    0.000000000    0.000000000
     0.000000000    0.000000000    0.000000000    0.558556296    0.537509199
     0.000000000    0.000000000   -0.044172260    0.000000000    0.000000000
     0.000000000    0.000000000    0.000000000    0.000000000    0.000000000
     0.000000000    0.000000000    0.000000000    0.000000000    0.000000000
     0.000000000    0.000000000    0.000000000    0.000000000    0.000000000
     0.000000000    0.000000000    0.000000000    0.000000000    0.000000000
     0.000000000    0.000000000    0.000000000
     0.151144391   -0.414866358   -0.010648089   -0.078916509    0.000000000
     0.021929450   -0.011030872    0.000000000   -0.088183888    0.039052072
     0.000000000    0.021496062   -0.007588547    0.000000000   -0.014117115
     0.007211185    0.126410425    0.000000000    0.383141106    0.412649492
     0.000000000   -0.103803807    0.000000000   -0.312647955   -0.270834158
     0.000000000    0.059629261    0.000000000    0.160313510    0.173546925
     0.000000000   -0.015305452    0.000000000    0.005007591   -0.025072655
     0.000000000    0.000000000    0.016874574    0.000000000    0.000000000
     0.000000000    0.000000000    0.000000000    0.541828912    0.631694120
     0.000000000   -0.034459398    0.017331210    0.000000000    0.000000000
     0.000000000    0.000000000    0.000000000    0.000000000    0.000000000
     0.000000000    0.000000000    0.000000000    0.000000000    0.000000000
     0.000000000    0.000000000    0.000000000    0.000000000    0.000000000
     0.000000000    0.000000000    0.000000000
     0.151144391   -0.414866358   -0.010648089   -0.078916509    0.020856147
     0.006776573   -0.011030872   -0.083867861   -0.027250320    0.039052072
     0.020443969    0.006642648   -0.007588547   -0.013426175   -0.004362428
     0.007211185    0.126410425    0.364388845    0.118397113   -0.333840452
    -0.242549286   -0.103803807   -0.297345875   -0.096613531    0.219109437
     0.159192324    0.059629261    0.152467209    0.049539599   -0.140402411
    -0.102008323   -0.015305452    0.004762502    0.001547431    0.020284204
     0.014737337   -0.009918626   -0.013651817    0.000000000    0.000000000
     0.000000000    0.000000000    0.000000000    0.000000000    0.000000000
     0.000000000    0.000000000    0.000000000    0.541828912    0.631694120
    -0.032772835   -0.010648539    0.017331210    0.000000000    0.000000000
     0.000000000    0.000000000    0.000000000    0.000000000    0.000000000
     0.000000000    0.000000000    0.000000000    0.000000000    0.000000000
     0.000000000    0.000000000    0.000000000
     0.151144391   -0.414866358   -0.010648089   -0.078916509    0.012889808
    -0.017741298   -0.011030872   -0.051833189    0.071342264    0.039052072
     0.012635068   -0.017390679   -0.007588547   -0.008297832    0.011420986
     0.007211185    0.126410425    0.225204692   -0.309967666    0.127515706
     0.392452988   -0.103803807   -0.183769857    0.252937509   -0.083692358
    -0.257578591    0.059629261    0.094229917   -0.129696354    0.053628949
     0.165052934   -0.015305452    0.002943388   -0.004051226   -0.007747877
    -0.023845512    0.016048674    0.005214530    0.000000000    0.000000000
     0.000000000    0.000000000    0.000000000    0.000000000    0.000000000
     0.000000000    0.000000000    0.000000000    0.000000000    0.000000000
     0.000000000    0.000000000    0.000000000    0.541828912    0.631694120
    -0.020254726    0.027878238    0.017331210    0.000000000    0.000000000
     0.000000000    0.000000000    0.000000000    0.000000000    0.000000000
     0.000000000    0.000000000    0.000000000
     0.151144391   -0.414866358   -0.010648089   -0.078916509   -0.020856147
     0.006776573   -0.011030872    0.083867861   -0.027250320    0.039052072
    -0.020443969    0.006642648   -0.007588547    0.013426175   -0.004362428
     0.007211185    0.126410425   -0.364388845    0.118397113   -0.333840452
     0.242549286   -0.103803807    0.297345875   -0.096613531    0.219109437
    -0.159192324    0.059629261   -0.152467209    0.049539599   -0.140402411
     0.102008323   -0.015305452   -0.004762502    0.001547431    0.020284204
    -0.014737337    0.009918626   -0.013651817    0.000000000    0.000000000
     0.000000000    0.000000000    0.000000000    0.000000000    0.000000000
     0.000000000    0.000000000    0.000000000    0.000000000    0.000000000
     0.000000000    0.000000000    0.000000000    0.000000000    0.000000000
     0.000000000    0.000000000    0.000000000    0.541828912    0.631694120
     0.032772835   -0.010648539    0.017331210    0.000000000    0.000000000
     0.000000000    0.000000000    0.000000000
     0.151144391   -0.414866358   -0.010648089   -0.078916509   -0.012889808
    -0.017741298   -0.011030872    0.051833189    0.071342264    0.039052072
    -0.012635068   -0.017390679   -0.007588547    0.008297832    0.011420986
     0.007211185    0.126410425   -0.225204692   -0.309967666    0.127515706
    -0.392452988   -0.103803807    0.183769857    0.252937509   -0.083692358
     0.257578591    0.059629261   -0.094229917   -0.129696354    0.053628949
    -0.165052934   -0.015305452   -0.002943388   -0.004051226   -0.007747877
     0.023845512   -0.016048674    0.005214530    0.000000000    0.000000000
     0.000000000    0.000000000    0.000000000    0.000000000    0.000000000
     0.000000000    0.000000000    0.000000000    0.000000000    0.000000000
     0.000000000    0.000000000    0.000000000    0.000000000    0.000000000
     0.000000000    0.000000000    0.000000000    0.000000000    0.000000000
     0.000000000    0.000000000    0.000000000    0.541828912    0.631694120
     0.020254726    0.027878238    0.017331210
    -0.169716822   -0.159445236    0.124068173    0.251895631    0.000000000
     0.000000000   -0.375928920    0.000000001    0.000000000    1.005338886
     0.000000000    0.000000000    0.181351414   -0.000000001    0.000000000
    -0.537679558   -0.294988494    0.000000000    0.000000000    0.000000000
     0.000000000   -0.265312134    0.000000000    0.000000000    0.000000000
     0.000000000   -0.024932923    0.000000000    0.000000000    0.000000000
     0.000000000   -0.391948296    0.000000000    0.000000000    0.000000000
     0.000000000    0.000000000    0.000000000    0.000000000    0.000000000
     0.000000000    0.000000000    0.000000000    0.000000000    0.000000000
     0.000000000    0.000000000    0.000000000    0.000000000    0.000000000
     0.000000000    0.000000000    0.000000000    0.000000000    0.000000000
     0.000000000    0.000000000    0.000000000    0.000000000    0.000000000
     0.000000000    0.000000000    0.000000000    0.000000000    0.000000000
     0.000000000    0.000000000    0.000000000
     0.000000000    0.000000000    0.000000000    0.000000000    0.000000000
     0.343508243    0.000000000    0.000000000   -1.118158869    0.000000000
     0.000000000   -0.137470288    0.000000000    0.000000000    0.798963826
     0.000000000    0.000000000    0.000000000    0.080510377    0.000000000
     0.000000000    0.000000000    0.000000000   -0.119837040    0.000000000
     0.000000000    0.000000000    0.000000000   -0.358013768    0.000000000
     0.000000000    0.000000000    0.000000000    0.352234285    0.000000000
     0.000000000    0.000000000    0.000000000    0.000000000    0.000000000
     0.000000000    0.000000000    0.000000000    0.000000000    0.000000000
     0.000000000    0.000000000    0.000000000    0.000000000    0.000000000
     0.000000000    0.000000000    0.000000000    0.000000000    0.000000000
     0.000000000    0.000000000    0.000000000    0.000000000    0.000000000
     0.000000000    0.000000000    0.000000000    0.000000000    0.000000000
     0.000000000    0.000000000    0.000000000
     0.000000000    0.000000000    0.000000000    0.000000000    0.343508241
     0.000000000    0.000000000   -1.118158874    0.000000000    0.000000000
    -0.137470284    0.000000000    0.000000000    0.798963831    0.000000000
     0.000000000    0.000000000    0.080510377    0.000000000    0.000000000
     0.000000000    0.000000000   -0.119837040    0.000000000    0.000000000
     0.000000000    0.000000000   -0.358013768    0.000000000    0.000000000
     0.000000000    0.000000000    0.352234285    0.000000000    0.000000000
     0.000000000    0.000000000    0.000000000    0.000000000    0.000000000
     0.000000000    0.000000000    0.000000000    0.000000000    0.000000000
     0.000000000    0.000000000    0.000000000    0.000000000    0.000000000
     0.000000000    0.000000000    0.000000000    0.000000000    0.000000000
     0.000000000    0.000000000    0.000000000    0.000000000    0.000000000
     0.000000000    0.000000000    0.000000000    0.000000000    0.000000000
     0.000000000    0.000000000    0.000000000
     0.773646608   -0.338442431   -0.714865011    0.160284564    0.000000000
     0.000000000   -0.057609580    0.000000000    0.000000000    0.646788752
     0.000000000    0.000000000   -0.035550594    0.000000000    0.000000000
    -0.863044594    0.988933573    0.000000000    0.000000000    0.000000000
     0.000000000    0.853007060    0.000000000    0.000000000    0.000000000
     0.000000000   -0.396564115    0.000000000    0.000000000    0.000000000
     0.000000000    0.138705837    0.000000000    0.000000000    0.000000000
     0.000000000    0.000000000    0.000000000    0.000000000    0.000000000
     0.000000000    0.000000000    0.000000000    0.000000000    0.000000000
     0.000000000    0.000000000    0.000000000    0.000000000    0.000000000
     0.000000000    0.000000000    0.000000000    0.000000000    0.000000000
     0.000000000    0.000000000    0.000000000    0.000000000    0.000000000
     0.000000000    0.000000000    0.000000000    0.000000000    0.000000000
     0.000000000    0.000000000    0.000000000
     0.000000000    0.000000000    0.000000000    0.000000000    0.460893937
     0.000000000    0.000000000    1.631068595    0.000000000    0.000000000
    -1.520856329    0.000000000    0.000000000   -0.841571373    0.000000000
     0.000000000    0.000000000   -0.036458974    0.000000000    0.000000000
    -0.004610978    0.000000000   -0.085052405    0.000000000    0.000000000
    -0.008321896    0.000000000   -0.022149780    0.000000000    0.000000000
    -0.002649654    0.000000000    0.036087445    0.000000000    0.000000000
    -0.000007278    0.000000000    0.000000000    0.000000000    0.000000000
     0.000000000    0.000000000    0.000000000    0.000000000    0.000000000
     0.000000000    0.000000000    0.000000000    0.000000000    0.000000000
     0.000000000    0.000000000    0.000000000    0.000000000    0.000000000
     0.000000000    0.000000000    0.000000000    0.000000000    0.000000000
     0.000000000    0.000000000    0.000000000    0.000000000    0.000000000
     0.000000000    0.000000000    0.000000000
    -0.154194415   -0.308460257    0.105867614    0.381139793    0.000000000
    -0.114900756   -0.006126009    0.000000000    0.216587656   -0.173627564
     0.000000000    0.286306772    0.112934425    0.000000000   -0.736053751
     0.013089207    0.067858881    0.000000000   -0.107039295    0.009260207
     0.000000000   -0.024647059    0.000000000   -0.128988165    0.016712827
     0.000000000   -0.111284865    0.000000000   -0.057503098    0.005321289
     0.000000000   -0.018614026    0.000000000    0.715177593    0.000014617
     0.000000000    0.000000000    0.000000000    0.000000000    0.000000000
     0.000000000    0.000000000    0.000000000    0.000000000    0.000000000
     0.000000000    0.000000000    0.000000000    0.000000000    0.000000000
     0.000000000    0.000000000    0.000000000    0.000000000    0.000000000
     0.000000000    0.000000000    0.000000000    0.000000000    0.000000000
     0.000000000    0.000000000    0.000000000    0.000000000    0.000000000
     0.000000000    0.000000000    0.000000000
     1.221650253   -0.755703524   -1.165090614    0.540799061    0.000000000
     0.043191415   -0.075597245    0.000000000   -0.168107323   -0.978131266
     0.000000000    0.036294323    0.715170765    0.000000000   -0.019256449
     0.042174318   -0.171037609    0.000000000    0.053543019    0.005385822
     0.000000000   -0.154404276    0.000000000    0.114502725    0.009720335
     0.000000000    0.184477498    0.000000000    0.031882999    0.003094911
     0.000000000   -0.532780807    0.000000000   -0.169672609    0.000008502
     0.000000000    0.000000000    0.000000000    0.000000000    0.000000000
     0.000000000    0.000000000    0.000000000    0.000000000    0.000000000
     0.000000000    0.000000000    0.000000000    0.000000000    0.000000000
     0.000000000    0.000000000    0.000000000    0.000000000    0.000000000
     0.000000000    0.000000000    0.000000000    0.000000000    0.000000000
     0.000000000    0.000000000    0.000000000    0.000000000    0.000000000
     0.000000000    0.000000000    0.000000000
    -0.050632601   -0.137341045    0.031185850    0.164973087    0.000000000
     0.445824281   -0.004373895    0.000000000    1.636825845   -0.085607766
     0.000000000   -1.504589771    0.057288719    0.000000000   -0.823265016
     0.008660742    0.033368358    0.000000000   -0.050847043    0.004776955
     0.000000000   -0.013835930    0.000000000   -0.113565395    0.008621450
     0.000000000   -0.056899672    0.000000000   -0.030576620    0.002745031
     0.000000000   -0.009784761    0.000000000    0.059948320    0.000007540
     0.000000000    0.000000000    0.000000000    0.000000000    0.000000000
     0.000000000    0.000000000    0.000000000    0.000000000    0.000000000
     0.000000000    0.000000000    0.000000000    0.000000000    0.000000000
     0.000000000    0.000000000    0.000000000    0.000000000    0.000000000
     0.000000000    0.000000000    0.000000000    0.000000000    0.000000000
     0.000000000    0.000000000    0.000000000    0.000000000    0.000000000
     0.000000000    0.000000000    0.000000000
     0.000000000    0.000000000    0.000000000    0.000000000   -0.148372855
     0.000000000    0.000000000    0.375919895    0.000000000    0.000000000
     0.209947027    0.000000000    0.000000000   -0.621948758    0.000000000
     0.000000000    0.000000000   -0.141516404    0.000000000    0.000000000
     0.032761795    0.000000000   -0.220606098    0.000000000    0.000000000
     0.059128504    0.000000000   -0.079149264    0.000000000    0.000000000
     0.018826249    0.000000000    0.826906972    0.000000000    0.000000000
     0.000051715    0.000000000    0.000000000    0.000000000    0.000000000
     0.000000000    0.000000000    0.000000000    0.000000000    0.000000000
     0.000000000    0.000000000    0.000000000    0.000000000    0.000000000
     0.000000000    0.000000000    0.000000000    0.000000000    0.000000000
     0.000000000    0.000000000    0.000000000    0.000000000    0.000000000
     0.000000000    0.000000000    0.000000000    0.000000000    0.000000000
     0.000000000    0.000000000    0.000000000
    -1.104376383   -0.702076933    0.912595629    1.050704400    0.000000000
     0.079571011    0.008486684    0.000000000   -0.309702049   -0.147948620
     0.000000000    0.066864584    0.063582324    0.000000000   -0.035475918
     0.042274437    0.357441307    0.000000000    0.071557358    0.034609848
     0.000000000   -0.023240280    0.000000000    0.165535206    0.062463872
     0.000000000   -0.547903192    0.000000000    0.043390466    0.019888215
     0.000000000    0.212443549    0.000000000   -0.344378348    0.000054632
     0.000000000    0.000000000    0.000000000    0.000000000    0.000000000
     0.000000000    0.000000000    0.000000000    0.000000000    0.000000000
     0.000000000    0.000000000    0.000000000    0.000000000    0.000000000
     0.000000000    0.000000000    0.000000000    0.000000000    0.000000000
     0.000000000    0.000000000    0.000000000    0.000000000    0.000000000
     0.000000000    0.000000000    0.000000000    0.000000000    0.000000000
     0.000000000    0.000000000    0.000000000
     2.555887702   -1.658374125   -2.433344165    1.180852319    0.000000000
     0.043860287    0.102637184    0.000000000   -0.019577610    0.513690795
     0.000000000   -0.021894485   -0.496875565    0.000000000   -0.130678871
     0.027323314   -0.330129669    0.000000000    0.035668253   -0.002937413
     0.000000000   -0.132567269    0.000000000    0.081909622   -0.005301444
     0.000000000    0.247195835    0.000000000    0.021590793   -0.001687956
     0.000000000    0.233902815    0.000000000   -0.041798917   -0.000004637
     0.000000000    0.000000000    0.000000000    0.000000000    0.000000000
     0.000000000    0.000000000    0.000000000    0.000000000    0.000000000
     0.000000000    0.000000000    0.000000000    0.000000000    0.000000000
     0.000000000    0.000000000    0.000000000    0.000000000    0.000000000
     0.000000000    0.000000000    0.000000000    0.000000000    0.000000000
     0.000000000    0.000000000    0.000000000    0.000000000    0.000000000
     0.000000000    0.000000000    0.000000000
     0.000000000    0.000000000    0.000000000    0.000000000   -0.003744104
     0.000000000    0.000000000    0.012963963    0.000000000    0.000000000
    -0.032071297    0.000000000    0.000000000    0.099286601    0.000000000
     0.000000000    0.000000000    0.006552768    0.000000000    0.000000000
     0.962569732    0.000000000   -0.002380082    0.000000000    0.000000000
     1.140805638    0.000000000    0.002878947    0.000000000    0.000000000
    -0.091971677    0.000000000   -0.019619702    0.000000000    0.000000000
     0.093961914   -0.000001145    0.000000000    0.000000000    0.000000000
     0.000000000    0.000000000    0.000000000    0.000000000    0.000000000
     0.000000000    0.000000000    0.000000000    0.000000000    0.000000000
     0.000000000    0.000000000    0.000000000    0.000000000    0.000000000
     0.000000000    0.000000000    0.000000000    0.000000000    0.000000000
     0.000000000    0.000000000    0.000000000    0.000000000    0.000000000
     0.000000000    0.000000000    0.000000000
     0.000000000    0.000000000    0.000000000    0.000000000   -0.001559552
     0.000000000    0.000000000   -0.000729097    0.000000000    0.000000000
     0.009976746    0.000000000    0.000000000   -0.022514894    0.000000000
     0.000000000    0.000000000   -0.004965459    0.000000000    0.000000000
     1.066429183    0.000000000   -0.005790683    0.000000000    0.000000000
     0.166185383    0.000000000   -0.002655477    0.000000000    0.000000000
    -1.303523470    0.000000000    0.009119537    0.000000000    0.000000000
    -0.000285420   -0.000003403    0.000000000    0.000000000    0.000000000
     0.000000000    0.000000000    0.000000000    0.000000000    0.000000000
     0.000000000    0.000000000    0.000000000    0.000000000    0.000000000
     0.000000000    0.000000000    0.000000000    0.000000000    0.000000000
     0.000000000    0.000000000    0.000000000    0.000000000    0.000000000
     0.000000000    0.000000000    0.000000000    0.000000000    0.000000000
     0.000000000    0.000000000    0.000000000
     0.000000000    0.000000000    0.000000000    0.000000000    0.014356093
     0.000000000    0.000000000    0.073275257    0.000000000    0.000000000
    -0.117447501    0.000000000    0.000000000    0.157442285    0.000000000
     0.000000000    0.000000000    1.040694314    0.000000000    0.000000000
    -0.007377748    0.000000000    1.053905622    0.000000000    0.000000000
    -0.016342419    0.000000000   -0.202878915    0.000000000    0.000000000
    -0.007538293    0.000000000    0.314660625    0.000000000    0.000000000
    -0.000015035   -0.000000006    0.000000000    0.000000000    0.000000000
     0.000000000    0.000000000    0.000000000    0.000000000    0.000000000
     0.000000000    0.000000000    0.000000000    0.000000000    0.000000000
     0.000000000    0.000000000    0.000000000    0.000000000    0.000000000
     0.000000000    0.000000000    0.000000000    0.000000000    0.000000000
     0.000000000    0.000000000    0.000000000    0.000000000    0.000000000
     0.000000000    0.000000000    0.000000000
     0.000000000    0.000000000    0.000000000    0.000000000   -0.074934315
     0.000000000    0.000000000    0.208830142    0.000000000    0.000000000
     0.086468709    0.000000000    0.000000000   -0.288291586    0.000000000
     0.000000000    0.000000000    1.003433967    0.000000000    0.000000000
     0.006705617    0.000000000    0.166827102    0.000000000    0.000000000
     0.012102300    0.000000000   -1.234202666    0.000000000    0.000000000
     0.003853318    0.000000000   -0.227897211    0.000000000    0.000000000
     0.000010585    0.000000000    0.000000000    0.000000000    0.000000000
     0.000000000    0.000000000    0.000000000    0.000000000    0.000000000
     0.000000000    0.000000000    0.000000000    0.000000000    0.000000000
     0.000000000    0.000000000    0.000000000    0.000000000    0.000000000
     0.000000000    0.000000000    0.000000000    0.000000000    0.000000000
     0.000000000    0.000000000    0.000000000    0.000000000    0.000000000
     0.000000000    0.000000000    0.000000000
     0.158274644   -0.012927150   -0.141529764   -0.026772299    0.000000000
    -0.018279735   -0.004624077    0.000000000   -0.088083552   -0.010958364
     0.000000000    0.131068136    0.010655568    0.000000000   -0.150626281
     0.012631854    0.000760702    0.000000000   -1.036599429    0.002149659
     0.000000000   -0.014286083    0.000000000   -1.050473669    0.003879706
     0.000000000   -0.018394830    0.000000000    0.200738939    0.001235281
     0.000000000    0.000308945    0.000000000   -0.315709566    0.000003393
     0.000000000    0.000000000    0.000000000    0.000000000    0.000000000
     0.000000000    0.000000000    0.000000000    0.000000000    0.000000000
     0.000000000    0.000000000    0.000000000    0.000000000    0.000000000
     0.000000000    0.000000000    0.000000000    0.000000000    0.000000000
     0.000000000    0.000000000    0.000000000    0.000000000    0.000000000
     0.000000000    0.000000000    0.000000000    0.000000000    0.000000000
     0.000000000    0.000000000    0.000000000
     0.033523552   -0.284374154   -0.058260363    0.306401060    0.000000000
     0.011029251    0.003326745    0.000000000   -0.170640543   -0.071861836
     0.000000000   -0.054037052    0.036271514    0.000000000    0.457592548
     0.007326926    0.020881445    0.000000000   -0.982554697    0.005035888
     0.000000000   -0.020383512    0.000000000   -0.244111923    0.009088773
     0.000000000   -0.049013506    0.000000000    1.147345673    0.002893824
     0.000000000    0.002853481    0.000000000    0.288335921    0.000007949
     0.000000000    0.000000000    0.000000000    0.000000000    0.000000000
     0.000000000    0.000000000    0.000000000    0.000000000    0.000000000
     0.000000000    0.000000000    0.000000000    0.000000000    0.000000000
     0.000000000    0.000000000    0.000000000    0.000000000    0.000000000
     0.000000000    0.000000000    0.000000000    0.000000000    0.000000000
     0.000000000    0.000000000    0.000000000    0.000000000    0.000000000
     0.000000000    0.000000000    0.000000000
    -0.077477309   -0.141117746    0.054473162    0.176485076    0.000000000
    -0.017805888    0.004517953    0.000000000    0.012672334   -0.031042634
     0.000000000    0.008799632    0.012591732    0.000000000    0.043874208
    -0.003748271    0.010475396    0.000000000    0.013718315   -1.019128636
     0.000000000   -0.002094083    0.000000000   -0.024516178   -1.146606785
     0.000000000   -0.014615935    0.000000000   -0.039178960    0.165055273
     0.000000000    0.001308401    0.000000000    0.008427565   -0.081186150
     0.000000000    0.000000000    0.000001332    0.000000000    0.000000000
     0.000000000    0.000000000    0.000000000    0.000000000    0.000000000
     0.000000000    0.000000000    0.000000000    0.000000000    0.000000000
     0.000000000    0.000000000    0.000000000    0.000000000    0.000000000
     0.000000000    0.000000000    0.000000000    0.000000000    0.000000000
     0.000000000    0.000000000    0.000000000    0.000000000    0.000000000
     0.000000000    0.000000000    0.000000000
    -0.041001420   -0.030890523    0.033225113    0.044874892    0.000000000
    -0.000002445    0.001721390    0.000000000    0.000009518   -0.005615489
     0.000000000   -0.000002055    0.001374905    0.000000000    0.000001090
    -0.002706825    0.002321969    0.000000000   -0.001596976    1.010357096
     0.000000000    0.001590625    0.000000000   -0.002679022    0.101282680
     0.000000000   -0.000719827    0.000000000   -0.000905007   -1.296190851
     0.000000000    0.000258918    0.000000000   -0.001861428   -0.000333294
     0.000000000    0.000000000   -0.000003332    0.000000000    0.000000000
     0.000000000    0.000000000    0.000000000    0.000000000    0.000000000
     0.000000000    0.000000000    0.000000000    0.000000000    0.000000000
     0.000000000    0.000000000    0.000000000    0.000000000    0.000000000
     0.000000000    0.000000000    0.000000000    0.000000000    0.000000000
     0.000000000    0.000000000    0.000000000    0.000000000    0.000000000
     0.000000000    0.000000000    0.000000000
    -0.544333471   -0.280965276    0.440997196    0.492229696    0.000000000
    -0.000022051    0.069009083    0.000000000    0.000085827   -0.070448075
     0.000000000   -0.000018530   -0.244014851    0.000000000    0.000009831
     0.557732452    0.368775545    0.000000000   -0.014400576    0.013098610
     0.000000000    0.637904557    0.000000000   -0.024157820    0.023640379
     0.000000000    0.192804408    0.000000000   -0.008160809    0.007526990
     0.000000000   -0.498673974    0.000000000   -0.016785243    0.000020676
     0.000000000    0.000000000    0.000000000    0.000000000    0.000000000
     0.000000000    0.000000000    0.000000000    0.000000000    0.000000000
     0.000000000    0.000000000    0.000000000    0.000000000    0.000000000
     0.000000000    0.000000000    0.000000000    0.000000000    0.000000000
     0.000000000    0.000000000    0.000000000    0.000000000    0.000000000
     0.000000000    0.000000000    0.000000000    0.000000000    0.000000000
     0.000000000    0.000000000    0.000000000
     0.536578261   -0.011838737   -0.474554620   -0.132392735    0.000000000
     0.021517270   -0.455258442    0.000000000   -0.015342164   -1.152055705
     0.000000000   -0.010621846    1.168734633    0.000000000   -0.053001098
     0.999789959    0.294723444    0.000000000   -0.010726424   -0.018874421
     0.000000000    0.253046400    0.000000000    0.039418200   -0.028946144
     0.000000000   -0.182629027    0.000000000    0.050637575   -0.005268193
     0.000000000    0.272869599    0.000000000   -0.003367751   -0.000024063
     0.000000000    0.000000000    0.000000010    0.000000000    0.000000000
     0.000000000    0.000000000    0.000000000    0.000000000    0.000000000
     0.000000000    0.000000000    0.000000000    0.000000000    0.000000000
     0.000000000    0.000000000    0.000000000    0.000000000    0.000000000
     0.000000000    0.000000000    0.000000000    0.000000000    0.000000000
     0.000000000    0.000000000    0.000000000    0.000000000    0.000000000
     0.000000000    0.000000000    0.000000000
    -0.892786913   -0.108565091    0.783506068    0.341822335    0.000000000
    -0.000028942   -0.132162242    0.000000000    0.000112646   -0.061521176
     0.000000000   -0.000024320    0.334766779    0.000000000    0.000012904
    -0.241914513   -0.738221856    0.000000000   -0.018900435    0.017191634
     0.000000000   -0.029226764    0.000000000   -0.031706601    0.031027471
     0.000000000    1.021484531    0.000000000   -0.010710881    0.009879007
     0.000000000    0.340964172    0.000000000   -0.022030258    0.000027137
     0.000000000    0.000000000    0.000000000    0.000000000    0.000000000
     0.000000000    0.000000000    0.000000000    0.000000000    0.000000000
     0.000000000    0.000000000    0.000000000    0.000000000    0.000000000
     0.000000000    0.000000000    0.000000000    0.000000000    0.000000000
     0.000000000    0.000000000    0.000000000    0.000000000    0.000000000
     0.000000000    0.000000000    0.000000000    0.000000000    0.000000000
     0.000000000    0.000000000    0.000000000
     0.000000000    0.000000000    0.000000000    0.000000000   -0.185489781
     0.000000000    0.000000000    0.251049987    0.000000000    0.000000000
    -0.073466220    0.000000000    0.000000000    0.757414560    0.000000000
     0.000000000    0.000000000   -0.062796937    0.000000000    0.000000000
    -0.069470727    0.000000000   -0.316305190    0.000000000    0.000000000
    -0.098781963    0.000000000   -0.134043758    0.000000000    0.000000000
    -0.010934532    0.000000000    0.198453004    0.000000000    0.000000000
    -0.000079881    0.000000051    0.000000000    0.000000000    0.000000000
     0.000000000    0.000000000    0.000000000    0.000000000    0.000000000
     0.000000000    0.000000000    0.000000000    0.000000000    0.000000000
     0.000000000    0.000000000    0.000000000    0.000000000    0.000000000
     0.000000000    0.000000000    0.000000000    0.000000000    0.000000000
     0.000000000    0.000000000    0.000000000    0.000000000    0.000000000
     0.000000000    0.000000000    0.000000000
     0.364392887   -0.827976803   -0.405808817    0.822250994    0.000000000
    -0.226631558   -0.040098730    0.000000000    0.161041230   -0.328843987
     0.000000000    0.112106145    0.228755262    0.000000000    0.558585801
     0.133103901    0.088416420    0.000000000    0.226198703    0.096040460
     0.000000000   -0.053671052    0.000000000   -0.225699179    0.119382687
     0.000000000   -0.182118082    0.000000000   -0.469636010   -0.003604709
     0.000000000    0.034431345    0.000000000    0.167368673    0.000091198
     0.000000000    0.000000000   -0.000000104    0.000000000    0.000000000
     0.000000000    0.000000000    0.000000000    0.000000000    0.000000000
     0.000000000    0.000000000    0.000000000    0.000000000    0.000000000
     0.000000000    0.000000000    0.000000000    0.000000000    0.000000000
     0.000000000    0.000000000    0.000000000    0.000000000    0.000000000
     0.000000000    0.000000000    0.000000000    0.000000000    0.000000000
     0.000000000    0.000000000    0.000000000
    -0.006249524   -0.011382929    0.004393949    0.014235751    0.000000000
    -0.001436270    0.000364430    0.000000000    0.001022184   -0.002503981
     0.000000000    0.000709801    0.001015682    0.000000000    0.003539009
    -0.000302345    0.000844973    0.000000000    0.001106555   -0.061995227
     0.000000000   -0.000168914    0.000000000   -0.001977540   -0.107054245
     0.000000000   -0.001178960    0.000000000   -0.003160278    0.021742378
     0.000000000    0.000105539    0.000000000    0.000679790    0.996068872
     0.000000000    0.000000000    0.000000107    0.000000000    0.000000000
     0.000000000    0.000000000    0.000000000    0.000000000    0.000000000
     0.000000000    0.000000000    0.000000000    0.000000000    0.000000000
     0.000000000    0.000000000    0.000000000    0.000000000    0.000000000
     0.000000000    0.000000000    0.000000000    0.000000000    0.000000000
     0.000000000    0.000000000    0.000000000    0.000000000    0.000000000
     0.000000000    0.000000000    0.000000000
     0.000000000    0.000000000    0.000000000    0.000000000    0.000350349
     0.000000000    0.000000000   -0.001213083    0.000000000    0.000000000
     0.003001022    0.000000000    0.000000000   -0.009290589    0.000000000
     0.000000000    0.000000000   -0.000613165    0.000000000    0.000000000
    -0.069838015    0.000000000    0.000222712    0.000000000    0.000000000
    -0.121331298    0.000000000   -0.000269393    0.000000000    0.000000000
     0.017044105    0.000000000    0.001835883    0.000000000    0.000000000
     0.994945014    0.000000107    0.000000000    0.000000000    0.000000000
     0.000000000    0.000000000    0.000000000    0.000000000    0.000000000
     0.000000000    0.000000000    0.000000000    0.000000000    0.000000000
     0.000000000    0.000000000    0.000000000    0.000000000    0.000000000
     0.000000000    0.000000000    0.000000000    0.000000000    0.000000000
     0.000000000    0.000000000    0.000000000    0.000000000    0.000000000
     0.000000000    0.000000000    0.000000000
     0.000000000    0.000000000    0.000000000    0.000000000    0.000000000
     0.000000000    0.000000000    0.000000000    0.000000000    0.000000000
     0.000000000    0.000000000    0.000000000    0.000000000    0.000000000
     0.000000000    0.000000000    0.000000000    0.000000000    0.000000000
    -0.013898056    0.000000000    0.000000000    0.000000000    0.000000000
     0.009126711    0.000000000    0.000000000    0.000000000    0.000000000
    -0.005851607    0.000000000    0.000000000    0.000000000    0.000000000
     0.000844737    0.999715775    0.000000000    0.000000000    0.000000000
     0.000000000    0.000000000    0.000000000    0.000000000    0.000000000
     0.000000000    0.000000000    0.000000000    0.000000000    0.000000000
     0.000000000    0.000000000    0.000000000    0.000000000    0.000000000
     0.000000000    0.000000000    0.000000000    0.000000000    0.000000000
     0.000000000    0.000000000    0.000000000    0.000000000    0.000000000
     0.000000000    0.000000000    0.000000000
     0.000000000    0.000000000    0.000000000    0.000000000    0.000000000
     0.000000000    0.000000000    0.000000000    0.000000000    0.000000000
     0.000000000    0.000000000    0.000000000    0.000000000    0.000000000
     0.000000000    0.000000000    0.000000000    0.000000000   -0.013898056
     0.000000000    0.000000000    0.000000000    0.000000000    0.009126711
     0.000000000    0.000000000    0.000000000    0.000000000   -0.005851607
     0.000000000    0.000000000    0.000000000    0.000000000    0.000844737
     0.000000000    0.000000000    0.999715775    0.000000000    0.000000000
     0.000000000    0.000000000    0.000000000    0.000000000    0.000000000
     0.000000000    0.000000000    0.000000000    0.000000000    0.000000000
     0.000000000    0.000000000    0.000000000    0.000000000    0.000000000
     0.000000000    0.000000000    0.000000000    0.000000000    0.000000000
     0.000000000    0.000000000    0.000000000    0.000000000    0.000000000
     0.000000000    0.000000000    0.000000000
     0.000000000    0.000000000    0.000000000    0.000000000    0.000000000
     0.000000000    0.000000000    0.000000000    0.000000000    0.000000000
     0.000000000    0.000000000    0.000000000    0.000000000    0.000000000
     0.000000000    0.000000000    0.000000000    0.000000000    0.000000000
     0.000000000    0.000000000    0.000000000    0.000000000    0.000000000
     0.000000000    0.000000000    0.000000000    0.000000000    0.000000000
     0.000000000    0.000000000    0.000000000    0.000000000    0.000000000
     0.000000000    0.000000000    0.000000000   -1.110158980    1.139721997
     0.000000000    0.000000000    0.449055279    0.000000000    0.000000000
     0.000000000    0.000000000    0.000000000    0.000000000    0.000000000
     0.000000000    0.000000000    0.000000000    0.000000000    0.000000000
     0.000000000    0.000000000    0.000000000    0.000000000    0.000000000
     0.000000000    0.000000000    0.000000000    0.000000000    0.000000000
     0.000000000    0.000000000    0.000000000
     0.000000000    0.000000000    0.000000000    0.000000000    0.000000000
     0.000000000    0.000000000    0.000000000    0.000000000    0.000000000
     0.000000000    0.000000000    0.000000000    0.000000000    0.000000000
     0.000000000    0.000000000    0.000000000    0.000000000    0.000000000
     0.000000000    0.000000000    0.000000000    0.000000000    0.000000000
     0.000000000    0.000000000    0.000000000    0.000000000    0.000000000
     0.000000000    0.000000000    0.000000000    0.000000000    0.000000000
     0.000000000    0.000000000    0.000000000   -0.585877660    0.547254970
     0.000000000    0.000000000   -0.892426615    0.000000000    0.000000000
     0.000000000    0.000000000    0.000000000    0.000000000    0.000000000
     0.000000000    0.000000000    0.000000000    0.000000000    0.000000000
     0.000000000    0.000000000    0.000000000    0.000000000    0.000000000
     0.000000000    0.000000000    0.000000000    0.000000000    0.000000000
     0.000000000    0.000000000    0.000000000
     0.000000000    0.000000000    0.000000000    0.000000000    0.000000000
     0.000000000    0.000000000    0.000000000    0.000000000    0.000000000
     0.000000000    0.000000000    0.000000000    0.000000000    0.000000000
     0.000000000    0.000000000    0.000000000    0.000000000    0.000000000
     0.000000000    0.000000000    0.000000000    0.000000000    0.000000000
     0.000000000    0.000000000    0.000000000    0.000000000    0.000000000
     0.000000000    0.000000000    0.000000000    0.000000000    0.000000000
     0.000000000    0.000000000    0.000000000    0.000000000    0.000000000
     0.000000000    1.000000000    0.000000000    0.000000000    0.000000000
     0.000000000    0.000000000    0.000000000    0.000000000    0.000000000
     0.000000000    0.000000000    0.000000000    0.000000000    0.000000000
     0.000000000    0.000000000    0.000000000    0.000000000    0.000000000
     0.000000000    0.000000000    0.000000000    0.000000000    0.000000000
     0.000000000    0.000000000    0.000000000
     0.000000000    0.000000000    0.000000000    0.000000000    0.000000000
     0.000000000    0.000000000    0.000000000    0.000000000    0.000000000
     0.000000000    0.000000000    0.000000000    0.000000000    0.000000000
     0.000000000    0.000000000    0.000000000    0.000000000    0.000000000
     0.000000000    0.000000000    0.000000000    0.000000000    0.000000000
     0.000000000    0.000000000    0.000000000    0.000000000    0.000000000
     0.000000000    0.000000000    0.000000000    0.000000000    0.000000000
     0.000000000    0.000000000    0.000000000    0.000000000    0.000000000
     1.000000000    0.000000000    0.000000000    0.000000000    0.000000000
     0.000000000    0.000000000    0.000000000    0.000000000    0.000000000
     0.000000000    0.000000000    0.000000000    0.000000000    0.000000000
     0.000000000    0.000000000    0.000000000    0.000000000    0.000000000
     0.000000000    0.000000000    0.000000000    0.000000000    0.000000000
     0.000000000    0.000000000    0.000000000
     0.000000000    0.000000000    0.000000000    0.000000000    0.000000000
     0.000000000    0.000000000    0.000000000    0.000000000    0.000000000
     0.000000000    0.000000000    0.000000000    0.000000000    0.000000000
     0.000000000    0.000000000    0.000000000    0.000000000    0.000000000
     0.000000000    0.000000000    0.000000000    0.000000000    0.000000000
     0.000000000    0.000000000    0.000000000    0.000000000    0.000000000
     0.000000000    0.000000000    0.000000000    0.000000000    0.000000000
     0.000000000    0.000000000    0.000000000    0.000000000    0.000000000
     0.000000000    0.000000000    0.000000000    1.237174730   -1.211157622
     0.000000000   -0.222089266    0.074700040    0.000000000    0.000000000
     0.000000000    0.000000000    0.000000000    0.000000000    0.000000000
     0.000000000    0.000000000    0.000000000    0.000000000    0.000000000
     0.000000000    0.000000000    0.000000000    0.000000000    0.000000000
     0.000000000    0.000000000    0.000000000
     0.000000000    0.000000000    0.000000000    0.000000000    0.000000000
     0.000000000    0.000000000    0.000000000    0.000000000    0.000000000
     0.000000000    0.000000000    0.000000000    0.000000000    0.000000000
     0.000000000    0.000000000    0.000000000    0.000000000    0.000000000
     0.000000000    0.000000000    0.000000000    0.000000000    0.000000000
     0.000000000    0.000000000    0.000000000    0.000000000    0.000000000
     0.000000000    0.000000000    0.000000000    0.000000000    0.000000000
     0.000000000    0.000000000    0.000000000    0.000000000    0.000000000
     0.000000000    0.000000000    0.000000000    0.000000000    0.000000000
     1.000000000    0.000000000    0.000000000    0.000000000    0.000000000
     0.000000000    0.000000000    0.000000000    0.000000000    0.000000000
     0.000000000    0.000000000    0.000000000    0.000000000    0.000000000
     0.000000000    0.000000000    0.000000000    0.000000000    0.000000000
     0.000000000    0.000000000    0.000000000
     0.000000000    0.000000000    0.000000000    0.000000000    0.000000000
     0.000000000    0.000000000    0.000000000    0.000000000    0.000000000
     0.000000000    0.000000000    0.000000000    0.000000000    0.000000000
     0.000000000    0.000000000    0.000000000    0.000000000    0.000000000
     0.000000000    0.000000000    0.000000000    0.000000000    0.000000000
     0.000000000    0.000000000    0.000000000    0.000000000    0.000000000
     0.000000000    0.000000000    0.000000000    0.000000000    0.000000000
     0.000000000    0.000000000    0.000000000    0.000000000    0.000000000
     0.000000000    0.000000000    0.000000000    0.314316749   -0.269310545
     0.000000000    0.951358661   -0.198843476    0.000000000    0.000000000
     0.000000000    0.000000000    0.000000000    0.000000000    0.000000000
     0.000000000    0.000000000    0.000000000    0.000000000    0.000000000
     0.000000000    0.000000000    0.000000000    0.000000000    0.000000000
     0.000000000    0.000000000    0.000000000
     0.000000000    0.000000000    0.000000000    0.000000000    0.000000000
     0.000000000    0.000000000    0.000000000    0.000000000    0.000000000
     0.000000000    0.000000000    0.000000000    0.000000000    0.000000000
     0.000000000    0.000000000    0.000000000    0.000000000    0.000000000
     0.000000000    0.000000000    0.000000000    0.000000000    0.000000000
     0.000000000    0.000000000    0.000000000    0.000000000    0.000000000
     0.000000000    0.000000000    0.000000000    0.000000000    0.000000000
     0.000000000    0.000000000    0.000000000    0.000000000    0.000000000
     0.000000000    0.000000000    0.000000000    0.038884632   -0.028154819
     0.000000000   -0.211120728   -0.977048047    0.000000000    0.000000000
     0.000000000    0.000000000    0.000000000    0.000000000    0.000000000
     0.000000000    0.000000000    0.000000000    0.000000000    0.000000000
     0.000000000    0.000000000    0.000000000    0.000000000    0.000000000
     0.000000000    0.000000000    0.000000000
     0.000000000    0.000000000    0.000000000    0.000000000    0.000000000
     0.000000000    0.000000000    0.000000000    0.000000000    0.000000000
     0.000000000    0.000000000    0.000000000    0.000000000    0.000000000
     0.000000000    0.000000000    0.000000000    0.000000000    0.000000000
     0.000000000    0.000000000    0.000000000    0.000000000    0.000000000
     0.000000000    0.000000000    0.000000000    0.000000000    0.000000000
     0.000000000    0.000000000    0.000000000    0.000000000    0.000000000
     0.000000000    0.000000000    0.000000000    0.000000000    0.000000000
     0.000000000    0.000000000    0.000000000    0.000000000    0.000000000
     0.000000000    0.000000000    0.000000000    1.237174730   -1.211157622
    -0.211219443   -0.068629357    0.074700040    0.000000000    0.000000000
     0.000000000    0.000000000    0.000000000    0.000000000    0.000000000
     0.000000000    0.000000000    0.000000000    0.000000000    0.000000000
     0.000000000    0.000000000    0.000000000
     0.000000000    0.000000000    0.000000000    0.000000000    0.000000000
     0.000000000    0.000000000    0.000000000    0.000000000    0.000000000
     0.000000000    0.000000000    0.000000000    0.000000000    0.000000000
     0.000000000    0.000000000    0.000000000    0.000000000    0.000000000
     0.000000000    0.000000000    0.000000000    0.000000000    0.000000000
     0.000000000    0.000000000    0.000000000    0.000000000    0.000000000
     0.000000000    0.000000000    0.000000000    0.000000000    0.000000000
     0.000000000    0.000000000    0.000000000    0.000000000    0.000000000
     0.000000000    0.000000000    0.000000000    0.000000000    0.000000000
     0.000000000    0.000000000    0.000000000    0.000000000    0.000000000
    -0.309016994    0.951056516    0.000000000    0.000000000    0.000000000
     0.000000000    0.000000000    0.000000000    0.000000000    0.000000000
     0.000000000    0.000000000    0.000000000    0.000000000    0.000000000
     0.000000000    0.000000000    0.000000000
     0.000000000    0.000000000    0.000000000    0.000000000    0.000000000
     0.000000000    0.000000000    0.000000000    0.000000000    0.000000000
     0.000000000    0.000000000    0.000000000    0.000000000    0.000000000
     0.000000000    0.000000000    0.000000000    0.000000000    0.000000000
     0.000000000    0.000000000    0.000000000    0.000000000    0.000000000
     0.000000000    0.000000000    0.000000000    0.000000000    0.000000000
     0.000000000    0.000000000    0.000000000    0.000000000    0.000000000
     0.000000000    0.000000000    0.000000000    0.000000000    0.000000000
     0.000000000    0.000000000    0.000000000    0.000000000    0.000000000
     0.000000000    0.000000000    0.000000000    0.314316749   -0.269310545
     0.904795853    0.293985994   -0.198843476    0.000000000    0.000000000
     0.000000000    0.000000000    0.000000000    0.000000000    0.000000000
     0.000000000    0.000000000    0.000000000    0.000000000    0.000000000
     0.000000000    0.000000000    0.000000000
     0.000000000    0.000000000    0.000000000    0.000000000    0.000000000
     0.000000000    0.000000000    0.000000000    0.000000000    0.000000000
     0.000000000    0.000000000    0.000000000    0.000000000    0.000000000
     0.000000000    0.000000000    0.000000000    0.000000000    0.000000000
     0.000000000    0.000000000    0.000000000    0.000000000    0.000000000
     0.000000000    0.000000000    0.000000000    0.000000000    0.000000000
     0.000000000    0.000000000    0.000000000    0.000000000    0.000000000
     0.000000000    0.000000000    0.000000000    0.000000000    0.000000000
     0.000000000    0.000000000    0.000000000    0.000000000    0.000000000
     0.000000000    0.000000000    0.000000000    0.038884632   -0.028154819
    -0.200787745   -0.065239893   -0.977048047    0.000000000    0.000000000
     0.000000000    0.000000000    0.000000000    0.000000000    0.000000000
     0.000000000    0.000000000    0.000000000    0.000000000    0.000000000
     0.000000000    0.000000000    0.000000000
     0.000000000    0.000000000    0.000000000    0.000000000    0.000000000
     0.000000000    0.000000000    0.000000000    0.000000000    0.000000000
     0.000000000    0.000000000    0.000000000    0.000000000    0.000000000
     0.000000000    0.000000000    0.000000000    0.000000000    0.000000000
     0.000000000    0.000000000    0.000000000    0.000000000    0.000000000
     0.000000000    0.000000000    0.000000000    0.000000000    0.000000000
     0.000000000    0.000000000    0.000000000    0.000000000    0.000000000
     0.000000000    0.000000000    0.000000000    0.000000000    0.000000000
     0.000000000    0.000000000    0.000000000    0.000000000    0.000000000
     0.000000000    0.000000000    0.000000000    0.000000000    0.000000000
     0.000000000    0.000000000    0.000000000    1.237174730   -1.211157622
    -0.130540795    0.179673990    0.074700040    0.000000000    0.000000000
     0.000000000    0.000000000    0.000000000    0.000000000    0.000000000
     0.000000000    0.000000000    0.000000000
     0.000000000    0.000000000    0.000000000    0.000000000    0.000000000
     0.000000000    0.000000000    0.000000000    0.000000000    0.000000000
     0.000000000    0.000000000    0.000000000    0.000000000    0.000000000
     0.000000000    0.000000000    0.000000000    0.000000000    0.000000000
     0.000000000    0.000000000    0.000000000    0.000000000    0.000000000
     0.000000000    0.000000000    0.000000000    0.000000000    0.000000000
     0.000000000    0.000000000    0.000000000    0.000000000    0.000000000
     0.000000000    0.000000000    0.000000000    0.000000000    0.000000000
     0.000000000    0.000000000    0.000000000    0.000000000    0.000000000
     0.000000000    0.000000000    0.000000000    0.000000000    0.000000000
     0.000000000    0.000000000    0.000000000    0.000000000    0.000000000
     0.809016994    0.587785252    0.000000000    0.000000000    0.000000000
     0.000000000    0.000000000    0.000000000    0.000000000    0.000000000
     0.000000000    0.000000000    0.000000000
     0.000000000    0.000000000    0.000000000    0.000000000    0.000000000
     0.000000000    0.000000000    0.000000000    0.000000000    0.000000000
     0.000000000    0.000000000    0.000000000    0.000000000    0.000000000
     0.000000000    0.000000000    0.000000000    0.000000000    0.000000000
     0.000000000    0.000000000    0.000000000    0.000000000    0.000000000
     0.000000000    0.000000000    0.000000000    0.000000000    0.000000000
     0.000000000    0.000000000    0.000000000    0.000000000    0.000000000
     0.000000000    0.000000000    0.000000000    0.000000000    0.000000000
     0.000000000    0.000000000    0.000000000    0.000000000    0.000000000
     0.000000000    0.000000000    0.000000000    0.000000000    0.000000000
     0.000000000    0.000000000    0.000000000    0.314316749   -0.269310545
     0.559194590   -0.769665324   -0.198843476    0.000000000    0.000000000
     0.000000000    0.000000000    0.000000000    0.000000000    0.000000000
     0.000000000    0.000000000    0.000000000
     0.000000000    0.000000000    0.000000000    0.000000000    0.000000000
     0.000000000    0.000000000    0.000000000    0.000000000    0.000000000
     0.000000000    0.000000000    0.000000000    0.000000000    0.000000000
     0.000000000    0.000000000    0.000000000    0.000000000    0.000000000
     0.000000000    0.000000000    0.000000000    0.000000000    0.000000000
     0.000000000    0.000000000    0.000000000    0.000000000    0.000000000
     0.000000000    0.000000000    0.000000000    0.000000000    0.000000000
     0.000000000    0.000000000    0.000000000    0.000000000    0.000000000
     0.000000000    0.000000000    0.000000000    0.000000000    0.000000000
     0.000000000    0.000000000    0.000000000    0.000000000    0.000000000
     0.000000000    0.000000000    0.000000000    0.038884632   -0.028154819
    -0.124093651    0.170800257   -0.977048047    0.000000000    0.000000000
     0.000000000    0.000000000    0.000000000    0.000000000    0.000000000
     0.000000000    0.000000000    0.000000000
     0.000000000    0.000000000    0.000000000    0.000000000    0.000000000
     0.000000000    0.000000000    0.000000000    0.000000000    0.000000000
     0.000000000    0.000000000    0.000000000    0.000000000    0.000000000
     0.000000000    0.000000000    0.000000000    0.000000000    0.000000000
     0.000000000    0.000000000    0.000000000    0.000000000    0.000000000
     0.000000000    0.000000000    0.000000000    0.000000000    0.000000000
     0.000000000    0.000000000    0.000000000    0.000000000    0.000000000
     0.000000000    0.000000000    0.000000000    0.000000000    0.000000000
     0.000000000    0.000000000    0.000000000    0.000000000    0.000000000
     0.000000000    0.000000000    0.000000000    0.000000000    0.000000000
     0.000000000    0.000000000    0.000000000    0.000000000    0.000000000
     0.000000000    0.000000000    0.000000000    1.237174730   -1.211157622
     0.211219443   -0.068629357    0.074700040    0.000000000    0.000000000
     0.000000000    0.000000000    0.000000000
     0.000000000    0.000000000    0.000000000    0.000000000    0.000000000
     0.000000000    0.000000000    0.000000000    0.000000000    0.000000000
     0.000000000    0.000000000    0.000000000    0.000000000    0.000000000
     0.000000000    0.000000000    0.000000000    0.000000000    0.000000000
     0.000000000    0.000000000    0.000000000    0.000000000    0.000000000
     0.000000000    0.000000000    0.000000000    0.000000000    0.000000000
     0.000000000    0.000000000    0.000000000    0.000000000    0.000000000
     0.000000000    0.000000000    0.000000000    0.000000000    0.000000000
     0.000000000    0.000000000    0.000000000    0.000000000    0.000000000
     0.000000000    0.000000000    0.000000000    0.000000000    0.000000000
     0.000000000    0.000000000    0.000000000    0.000000000    0.000000000
     0.000000000    0.000000000    0.000000000    0.000000000    0.000000000
     0.309016994    0.951056516    0.000000000    0.000000000    0.000000000
     0.000000000    0.000000000    0.000000000
     0.000000000    0.000000000    0.000000000    0.000000000    0.000000000
     0.000000000    0.000000000    0.000000000    0.000000000    0.000000000
     0.000000000    0.000000000    0.000000000    0.000000000    0.000000000
     0.000000000    0.000000000    0.000000000    0.000000000    0.000000000
     0.000000000    0.000000000    0.000000000    0.000000000    0.000000000
     0.000000000    0.000000000    0.000000000    0.000000000    0.000000000
     0.000000000    0.000000000    0.000000000    0.000000000    0.000000000
     0.000000000    0.000000000    0.000000000    0.000000000    0.000000000
     0.000000000    0.000000000    0.000000000    0.000000000    0.000000000
     0.000000000    0.000000000    0.000000000    0.000000000    0.000000000
     0.000000000    0.000000000    0.000000000    0.000000000    0.000000000
     0.000000000    0.000000000    0.000000000    0.314316749   -0.269310545
    -0.904795853    0.293985994   -0.198843476    0.000000000    0.000000000
     0.000000000    0.000000000    0.000000000
     0.000000000    0.000000000    0.000000000    0.000000000    0.000000000
     0.000000000    0.000000000    0.000000000    0.000000000    0.000000000
     0.000000000    0.000000000    0.000000000    0.000000000    0.000000000
     0.000000000    0.000000000    0.000000000    0.000000000    0.000000000
     0.000000000    0.000000000    0.000000000    0.000000000    0.000000000
     0.000000000    0.000000000    0.000000000    0.000000000    0.000000000
     0.000000000    0.000000000    0.000000000    0.000000000    0.000000000
     0.000000000    0.000000000    0.000000000    0.000000000    0.000000000
     0.000000000    0.000000000    0.000000000    0.000000000    0.000000000
     0.000000000    0.000000000    0.000000000    0.000000000    0.000000000
     0.000000000    0.000000000    0.000000000    0.000000000    0.000000000
     0.000000000    0.000000000    0.000000000    0.038884632   -0.028154819
     0.200787745   -0.065239893   -0.977048047    0.000000000    0.000000000
     0.000000000    0.000000000    0.000000000
     0.000000000    0.000000000    0.000000000    0.000000000    0.000000000
     0.000000000    0.000000000    0.000000000    0.000000000    0.000000000
     0.000000000    0.000000000    0.000000000    0.000000000    0.000000000
     0.000000000    0.000000000    0.000000000    0.000000000    0.000000000
     0.000000000    0.000000000    0.000000000    0.000000000    0.000000000
     0.000000000    0.000000000    0.000000000    0.000000000    0.000000000
     0.000000000    0.000000000    0.000000000    0.000000000    0.000000000
     0.000000000    0.000000000    0.000000000    0.000000000    0.000000000
     0.000000000    0.000000000    0.000000000    0.000000000    0.000000000
     0.000000000    0.000000000    0.000000000    0.000000000    0.000000000
     0.000000000    0.000000000    0.000000000    0.000000000    0.000000000
     0.000000000    0.000000000    0.000000000    0.000000000    0.000000000
     0.000000000    0.000000000    0.000000000    1.237174730   -1.211157622
     0.130540795    0.179673990    0.074700040
     0.000000000    0.000000000    0.000000000    0.000000000    0.000000000
     0.000000000    0.000000000    0.000000000    0.000000000    0.000000000
     0.000000000    0.000000000    0.000000000    0.000000000    0.000000000
     0.000000000    0.000000000    0.000000000    0.000000000    0.000000000
     0.000000000    0.000000000    0.000000000    0.000000000    0.000000000
     0.000000000    0.000000000    0.000000000    0.000000000    0.000000000
     0.000000000    0.000000000    0.000000000    0.000000000    0.000000000
     0.000000000    0.000000000    0.000000000    0.000000000    0.000000000
     0.000000000    0.000000000    0.000000000    0.000000000    0.000000000
     0.000000000    0.000000000    0.000000000    0.000000000    0.000000000
     0.000000000    0.000000000    0.000000000    0.000000000    0.000000000
     0.000000000    0.000000000    0.000000000    0.000000000    0.000000000
     0.000000000    0.000000000    0.000000000    0.000000000    0.000000000
     0.809016994   -0.587785252    0.000000000
     0.000000000    0.000000000    0.000000000    0.000000000    0.000000000
     0.000000000    0.000000000    0.000000000    0.000000000    0.000000000
     0.000000000    0.000000000    0.000000000    0.000000000    0.000000000
     0.000000000    0.000000000    0.000000000    0.000000000    0.000000000
     0.000000000    0.000000000    0.000000000    0.000000000    0.000000000
     0.000000000    0.000000000    0.000000000    0.000000000    0.000000000
     0.000000000    0.000000000    0.000000000    0.000000000    0.000000000
     0.000000000    0.000000000    0.000000000    0.000000000    0.000000000
     0.000000000    0.000000000    0.000000000    0.000000000    0.000000000
     0.000000000    0.000000000    0.000000000    0.000000000    0.000000000
     0.000000000    0.000000000    0.000000000    0.000000000    0.000000000
     0.000000000    0.000000000    0.000000000    0.000000000    0.000000000
     0.000000000    0.000000000    0.000000000    0.314316749   -0.269310545
    -0.559194590   -0.769665324   -0.198843476
     0.000000000    0.000000000    0.000000000    0.000000000    0.000000000
     0.000000000    0.000000000    0.000000000    0.000000000    0.000000000
     0.000000000    0.000000000    0.000000000    0.000000000    0.000000000
     0.000000000    0.000000000    0.000000000    0.000000000    0.000000000
     0.000000000    0.000000000    0.000000000    0.000000000    0.000000000
     0.000000000    0.000000000    0.000000000    0.000000000    0.000000000
     0.000000000    0.000000000    0.000000000    0.000000000    0.000000000
     0.000000000    0.000000000    0.000000000    0.000000000    0.000000000
     0.000000000    0.000000000    0.000000000    0.000000000    0.000000000
     0.000000000    0.000000000    0.000000000    0.000000000    0.000000000
     0.000000000    0.000000000    0.000000000    0.000000000    0.000000000
     0.000000000    0.000000000    0.000000000    0.000000000    0.000000000
     0.000000000    0.000000000    0.000000000    0.038884632   -0.028154819
     0.124093651    0.170800257   -0.977048047
